EDGE_WEIGHT_TYPE: EXPLICIT
EDGE_WEIGHT_FORMAT: FULL_MATRIX
DIMENSION: 194
VEHICLES: 1
NODE_COORD_SECTION
1 24 53
2 24 53
3 39 116
4 26 110
5 30 110
6 34 110
7 38 110
8 18 93
9 12 90
10 80 86
11 76 85
12 72 84
13 68 83
14 64 81
15 74 80
16 78 81
17 16 89
18 54 74
19 33 81
20 37 80
21 33 71
22 37 70
23 26 81
24 25 71
25 24 60
26 56 79
27 58 75
28 62 75
29 66 76
30 70 77
31 80 100
32 76 100
33 72 100
34 68 99
35 64 97
36 60 95
37 55 91
38 51 90
39 47 87
40 44 84
41 41 81
42 46 80
43 50 80
44 19 98
45 9 60
46 13 60
47 17 60
48 16 82
49 12 84
50 9 49
51 13 49
52 16 52
53 9 30
54 13 32
55 16 35
56 18 40
57 19 45
58 22 48
59 26 51
60 28 55
61 31 59
62 35 60
63 38 63
64 40 67
65 44 68
66 48 68
67 52 68
68 56 68
69 60 68
70 64 69
71 68 69
72 72 69
73 76 70
74 80 70
75 9 14
76 13 16
77 17 19
78 17 24
79 19 28
80 22 31
81 24 35
82 27 38
83 29 43
84 31 47
85 35 49
86 38 53
87 40 57
88 44 58
89 48 58
90 52 58
91 56 57
92 60 57
93 64 58
94 68 58
95 72 59
96 76 60
97 79 63
98 59 2
99 59 7
100 59 12
101 59 17
102 60 22
103 60 27
104 64 27
105 63 18
106 67 17
107 71 18
108 75 18
109 79 17
110 17 2
111 17 7
112 18 12
113 20 16
114 24 17
115 27 20
116 29 24
117 32 28
118 36 31
119 39 28
120 40 23
121 40 18
122 43 27
123 47 28
124 48 23
125 48 18
126 49 13
127 49 8
128 49 3
129 36 96
130 42 98
131 78 93
132 58 115
133 69 91
134 74 41
135 79 40
136 69 64
137 68 23
138 22 22
139 52 85
140 30 92
141 20 76
142 28 65
143 20 66
144 38 40
145 46 50
146 23 55
147 33 54
148 78 75
149 55 62
150 66 42
151 65 90
152 55 111
153 50 102
154 24 26
155 73 27
156 54 10
157 54 4
158 13 27
159 12 22
160 13 10
161 21 86
162 30 76
163 34 76
164 34 66
165 34 38
166 11 42
167 28 101
168 32 97
169 74 92
170 73 74
171 73 64
172 63 64
173 60 79
174 59 85
175 55 42
176 50 43
177 44 40
178 53 16
179 46 74
180 46 63
181 40 75
182 31 34
183 27 29
184 23 42
185 11 54
186 62 42
187 53 27
188 54 21
189 37 88
190 43 53
191 20 36
192 50 72
193 50 63
194 43 35
EDGE_WEIGHT_SECTION
0.0 0.0 64.761 57.035 57.315 57.871 58.694 40.447 9999999999.0 65.0 61.057 57.14 53.254 48.826 56.824 60.828 36.878 36.62 29.411 29.967 20.125 21.401 28.071 18.028 7.0 41.231 40.497 43.909 47.885 51.884 9999999999.0 9999999999.0 9999999999.0 9999999999.0 9999999999.0 9999999999.0 49.041 45.804 41.049 36.892 32.757 34.828 37.483 45.277 16.553 13.038 9.899 9999999999.0 9999999999.0 15.524 11.705 8.062 27.459 23.707 19.698 14.318 9.434 5.385 2.828 4.472 9.22 13.038 17.205 21.26 25.0 28.302 31.765 35.341 39.0 43.081 46.819 50.596 54.708 58.523 41.785 38.601 34.713 29.833 25.495 22.091 18.0 15.297 11.18 9.22 11.705 14.0 16.492 20.616 24.515 28.443 32.249 36.222 40.311 44.283 48.374 52.469 55.902 61.855 57.801 53.907 50.21 47.508 44.407 47.707 52.402 56.08 58.6 61.855 65.734 51.478 46.53 41.437 37.216 36.0 33.136 29.428 26.249 25.06 29.155 34.0 38.484 32.202 33.971 38.419 42.438 47.17 51.478 55.902 44.643 48.466 67.201 70.711 9999999999.0 51.42 56.515 46.325 53.254 31.064 42.521 39.459 23.345 12.649 13.601 19.105 22.204 2.236 9.055 58.31 32.28 43.417 9999999999.0 65.765 55.471 27.0 55.471 52.431 57.454 28.231 33.242 44.385 33.136 23.77 25.08 16.401 18.028 17.029 48.166 44.721 9999999999.0 53.31 50.22 40.522 44.407 9999999999.0 32.894 27.857 23.854 47.011 30.414 24.166 27.203 20.248 24.187 11.045 13.038 39.56 38.949 43.863 37.336 19.0 17.464 32.202 27.857 26.173 
0.0 0.0 64.761 57.035 57.315 57.871 58.694 40.447 9999999999.0 65.0 61.057 57.14 53.254 48.826 56.824 60.828 36.878 36.62 29.411 29.967 20.125 21.401 28.071 18.028 7.0 41.231 40.497 43.909 47.885 51.884 9999999999.0 9999999999.0 9999999999.0 9999999999.0 9999999999.0 9999999999.0 49.041 45.804 41.049 36.892 32.757 34.828 37.483 45.277 16.553 13.038 9.899 9999999999.0 9999999999.0 15.524 11.705 8.062 27.459 23.707 19.698 14.318 9.434 5.385 2.828 4.472 9.22 13.038 17.205 21.26 25.0 28.302 31.765 35.341 39.0 43.081 46.819 50.596 54.708 58.523 41.785 38.601 34.713 29.833 25.495 22.091 18.0 15.297 11.18 9.22 11.705 14.0 16.492 20.616 24.515 28.443 32.249 36.222 40.311 44.283 48.374 52.469 55.902 61.855 57.801 53.907 50.21 47.508 44.407 47.707 52.402 56.08 58.6 61.855 65.734 51.478 46.53 41.437 37.216 36.0 33.136 29.428 26.249 25.06 29.155 34.0 38.484 32.202 33.971 38.419 42.438 47.17 51.478 55.902 44.643 48.466 67.201 70.711 9999999999.0 51.42 56.515 46.325 53.254 31.064 42.521 39.459 23.345 12.649 13.601 19.105 22.204 2.236 9.055 58.31 32.28 43.417 9999999999.0 65.765 55.471 27.0 55.471 52.431 57.454 28.231 33.242 44.385 33.136 23.77 25.08 16.401 18.028 17.029 48.166 44.721 9999999999.0 53.31 50.22 40.522 44.407 9999999999.0 32.894 27.857 23.854 47.011 30.414 24.166 27.203 20.248 24.187 11.045 13.038 39.56 38.949 43.863 37.336 19.0 17.464 32.202 27.857 26.173 
64.761 64.761 0.0 14.318 10.817 7.81 6.083 31.145 9999999999.0 9999999999.0 9999999999.0 9999999999.0 9999999999.0 9999999999.0 9999999999.0 9999999999.0 35.468 44.598 35.511 36.056 45.398 46.043 37.336 47.127 57.974 40.719 45.188 9999999999.0 9999999999.0 9999999999.0 44.011 40.311 9999999999.0 9999999999.0 9999999999.0 9999999999.0 29.682 28.636 30.083 32.388 35.057 36.674 37.643 9999999999.0 9999999999.0 9999999999.0 60.166 41.049 41.869 73.41 71.868 68.007 91.082 87.932 84.202 78.848 73.763 70.093 66.287 61.984 57.559 56.143 53.009 49.01 48.26 48.836 49.729 50.922 52.393 9999999999.0 9999999999.0 9999999999.0 9999999999.0 9999999999.0 106.32 103.325 99.464 94.594 90.244 86.683 82.377 78.918 73.682 69.462 67.119 63.008 59.008 58.215 58.694 59.439 61.4 62.626 63.159 9999999999.0 9999999999.0 9999999999.0 9999999999.0 115.741 110.82 105.906 101.0 96.317 91.444 92.445 100.896 102.883 103.092 104.403 106.775 116.103 111.198 106.099 101.789 100.13 96.747 92.542 88.278 85.053 88.0 93.005 98.005 89.09 88.363 93.434 98.412 103.484 108.462 113.442 20.224 18.248 9999999999.0 19.026 9999999999.0 9999999999.0 9999999999.0 9999999999.0 97.417 95.525 33.615 25.632 44.283 52.173 53.488 76.007 66.37 63.063 62.29 9999999999.0 56.321 78.772 9999999999.0 16.763 17.804 91.241 95.273 107.056 113.0 92.72 97.801 109.142 34.986 41.0 40.311 50.249 78.16 79.12 18.601 20.248 9999999999.0 9999999999.0 9999999999.0 57.271 9999999999.0 9999999999.0 75.71 73.824 76.164 100.975 42.579 53.46 41.012 82.389 87.824 75.71 9999999999.0 77.492 90.094 96.177 28.071 63.127 82.225 45.354 54.129 81.099 
57.035 57.035 14.318 0.0 4.0 8.0 12.0 18.788 9999999999.0 9999999999.0 9999999999.0 9999999999.0 9999999999.0 9999999999.0 9999999999.0 9999999999.0 23.259 45.607 29.833 31.953 39.623 41.485 29.0 39.013 50.04 43.139 47.424 9999999999.0 9999999999.0 9999999999.0 9999999999.0 9999999999.0 9999999999.0 9999999999.0 9999999999.0 9999999999.0 34.67 32.016 31.145 31.623 32.65 36.056 38.419 9999999999.0 9999999999.0 9999999999.0 50.804 29.732 29.53 9999999999.0 62.37 58.856 81.786 79.076 75.664 70.456 65.376 62.129 59.0 55.036 51.245 50.804 48.508 45.222 45.695 47.413 49.396 51.614 54.037 55.902 9999999999.0 9999999999.0 9999999999.0 9999999999.0 97.494 94.895 91.444 86.47 82.298 79.101 75.027 72.007 67.067 63.198 61.66 58.249 54.818 55.027 56.462 58.138 60.902 62.968 64.405 66.843 68.68 9999999999.0 9999999999.0 112.929 108.157 103.407 98.681 94.34 89.694 91.285 99.161 101.637 102.416 104.235 107.042 108.374 103.392 98.326 94.191 93.022 90.006 86.052 82.219 79.63 83.024 88.119 93.059 84.723 84.646 89.739 94.594 99.69 104.561 109.444 17.205 20.0 9999999999.0 32.388 9999999999.0 84.054 87.801 62.968 96.607 88.091 36.069 18.439 34.525 45.044 44.407 71.021 63.246 55.082 56.436 9999999999.0 56.08 78.892 9999999999.0 29.017 25.298 84.024 95.383 103.846 109.636 84.012 89.107 100.841 24.515 34.234 34.928 44.721 72.443 9999999999.0 9.22 14.318 9999999999.0 9999999999.0 9999999999.0 59.034 9999999999.0 9999999999.0 73.926 71.169 72.277 97.801 41.183 51.078 37.696 76.164 81.006 68.066 9999999999.0 76.942 87.281 93.301 24.597 59.481 74.243 44.944 52.773 76.903 
57.315 57.315 10.817 4.0 0.0 4.0 8.0 20.809 26.907 9999999999.0 9999999999.0 9999999999.0 9999999999.0 9999999999.0 9999999999.0 9999999999.0 25.239 43.267 29.155 30.806 39.115 40.608 29.275 39.319 50.359 40.46 44.822 9999999999.0 9999999999.0 9999999999.0 9999999999.0 9999999999.0 9999999999.0 9999999999.0 9999999999.0 9999999999.0 31.401 29.0 28.601 29.53 31.016 34.0 36.056 16.279 9999999999.0 9999999999.0 51.662 31.305 31.623 9999999999.0 63.325 59.666 82.71 79.831 76.295 71.021 65.924 62.514 59.135 55.036 51.01 50.249 47.676 44.147 44.272 45.695 47.413 49.396 51.614 53.263 9999999999.0 9999999999.0 9999999999.0 9999999999.0 98.27 95.525 91.924 86.977 82.735 79.404 75.24 72.062 67.007 63.008 61.205 57.559 53.935 53.852 55.027 56.462 59.034 60.902 62.129 64.405 66.068 9999999999.0 9999999999.0 111.826 107.005 102.201 97.417 92.973 88.255 89.694 97.739 100.09 100.722 102.416 105.119 108.78 103.817 98.732 94.53 93.193 90.05 86.006 82.024 79.228 82.492 87.573 92.542 84.012 83.744 88.843 93.744 98.843 103.755 108.674 15.232 16.971 9999999999.0 28.443 9999999999.0 81.835 85.446 60.308 94.937 88.363 33.302 18.0 35.44 45.044 45.122 70.456 62.097 55.444 56.08 9999999999.0 54.12 76.942 9999999999.0 25.02 21.541 84.214 93.477 102.84 108.683 84.723 89.822 101.435 25.632 34.0 34.234 44.181 72.111 70.605 9.22 13.153 9999999999.0 9999999999.0 9999999999.0 56.613 9999999999.0 9999999999.0 72.45 69.921 71.386 96.773 39.395 49.649 36.401 76.007 81.056 68.359 9999999999.0 75.153 86.128 92.179 23.087 58.464 74.673 42.942 51.078 76.118 
57.871 57.871 7.81 8.0 4.0 0.0 4.0 23.345 9999999999.0 9999999999.0 9999999999.0 9999999999.0 9999999999.0 9999999999.0 9999999999.0 9999999999.0 27.659 41.183 29.017 30.15 39.013 40.112 30.083 40.025 50.99 38.013 42.438 9999999999.0 9999999999.0 9999999999.0 9999999999.0 9999999999.0 9999999999.0 9999999999.0 9999999999.0 9999999999.0 28.32 26.249 26.42 27.857 29.833 32.311 34.0 9999999999.0 9999999999.0 9999999999.0 52.811 33.287 34.059 9999999999.0 64.514 60.729 83.815 80.777 77.13 71.805 66.708 63.151 59.54 55.326 51.088 50.01 47.17 43.417 43.174 44.272 45.695 47.413 49.396 9999999999.0 9999999999.0 9999999999.0 9999999999.0 9999999999.0 99.202 96.317 92.574 87.664 83.361 79.906 75.664 72.339 67.186 63.071 61.008 57.14 53.339 52.953 53.852 55.027 57.385 59.034 60.033 62.129 9999999999.0 9999999999.0 9999999999.0 110.856 105.991 101.139 96.302 91.761 86.977 88.255 96.462 98.681 99.161 100.722 103.315 109.33 104.393 99.298 95.037 93.536 90.272 86.145 82.024 79.025 82.152 87.207 92.195 83.487 83.024 88.119 93.059 98.153 103.097 108.046 14.142 14.422 9999999999.0 24.515 9999999999.0 79.756 83.217 9999999999.0 93.408 88.814 30.806 18.439 36.77 45.398 46.174 70.114 61.188 56.089 56.009 9999999999.0 52.393 75.153 9999999999.0 21.024 17.889 84.593 91.706 101.98 107.87 85.615 90.708 102.181 27.295 34.234 34.0 44.0 72.0 71.784 10.817 13.153 9999999999.0 9999999999.0 9999999999.0 54.378 9999999999.0 9999999999.0 71.169 68.884 70.711 95.901 37.947 48.508 35.511 76.059 81.302 68.884 9999999999.0 73.539 85.147 91.22 22.204 57.706 75.313 41.231 49.649 75.538 
58.694 58.694 6.083 12.0 8.0 4.0 0.0 26.249 9999999999.0 9999999999.0 9999999999.0 9999999999.0 9999999999.0 9999999999.0 9999999999.0 9999999999.0 30.414 39.395 29.428 30.017 39.319 40.012 31.385 41.11 51.923 35.847 40.311 9999999999.0 9999999999.0 9999999999.0 9999999999.0 9999999999.0 9999999999.0 9999999999.0 9999999999.0 9999999999.0 25.495 23.854 24.698 26.683 29.155 31.048 32.311 9999999999.0 9999999999.0 9999999999.0 54.231 35.609 36.77 67.543 65.924 62.032 85.094 81.908 78.16 72.801 67.72 64.031 60.208 55.902 51.478 50.09 47.0 43.046 42.426 43.174 44.272 45.695 47.413 9999999999.0 9999999999.0 9999999999.0 9999999999.0 9999999999.0 100.285 97.268 93.392 88.527 84.172 80.604 76.295 72.835 67.602 63.388 61.074 57.0 53.038 52.345 52.953 53.852 55.973 57.385 58.138 60.033 9999999999.0 9999999999.0 9999999999.0 110.023 105.119 100.225 95.341 90.708 85.866 86.977 95.336 97.417 97.739 99.161 101.637 110.023 105.119 100.02 95.708 94.048 90.67 86.47 82.219 79.025 82.006 87.023 92.022 83.15 82.492 87.573 92.542 97.622 102.591 107.564 14.142 12.649 9999999999.0 20.616 9999999999.0 77.827 81.123 9999999999.0 92.027 89.443 28.653 19.698 38.471 46.098 47.539 70.0 60.531 57.009 56.223 9999999999.0 50.922 73.539 9999999999.0 17.029 14.422 85.159 90.078 101.272 107.201 86.683 91.761 103.078 29.411 34.928 34.234 44.181 72.111 73.164 13.454 14.318 9999999999.0 9999999999.0 9999999999.0 52.355 9999999999.0 9999999999.0 70.093 68.066 70.257 95.189 36.878 47.676 35.057 76.322 81.744 69.635 62.169 72.111 84.345 90.427 22.023 57.219 76.158 39.85 48.508 75.166 
40.447 40.447 31.145 18.788 20.809 23.345 26.249 0.0 6.708 9999999999.0 9999999999.0 9999999999.0 9999999999.0 9999999999.0 9999999999.0 9999999999.0 4.472 40.706 19.209 23.022 26.627 29.833 14.422 23.087 33.541 40.497 43.863 47.539 9999999999.0 9999999999.0 9999999999.0 9999999999.0 9999999999.0 9999999999.0 9999999999.0 9999999999.0 37.054 33.136 29.614 27.514 25.942 30.871 34.54 5.099 9999999999.0 9999999999.0 9999999999.0 11.18 10.817 9999999999.0 9999999999.0 9999999999.0 9999999999.0 9999999999.0 9999999999.0 53.0 48.01 45.177 42.755 39.294 36.401 37.121 36.056 34.059 36.069 39.051 42.202 45.486 48.877 51.884 55.462 59.093 62.394 66.129 9999999999.0 9999999999.0 74.007 69.007 65.008 62.129 58.31 55.731 51.196 47.802 47.17 44.721 42.19 43.6 46.098 48.795 52.345 55.317 57.801 61.033 63.812 66.731 67.978 99.81 95.273 90.785 86.354 82.492 78.23 80.449 87.464 90.427 91.837 94.202 97.453 91.005 86.006 81.0 77.026 76.236 73.553 69.871 66.491 64.56 68.308 73.376 78.16 70.576 71.176 76.158 80.777 85.796 90.477 95.189 18.248 24.515 9999999999.0 45.651 9999999999.0 76.42 80.808 58.669 86.023 71.113 34.928 12.042 17.117 29.732 27.074 56.648 51.313 38.328 41.785 9999999999.0 48.27 70.036 9999999999.0 41.146 33.242 67.268 85.913 90.471 96.005 9999999999.0 9999999999.0 9999999999.0 7.616 20.809 23.345 31.385 57.28 9999999999.0 12.806 14.56 9999999999.0 9999999999.0 62.177 53.535 9999999999.0 9999999999.0 63.008 59.363 59.034 84.581 33.838 41.037 28.425 60.415 64.63 51.245 9999999999.0 67.357 74.706 80.498 19.647 47.17 57.035 38.275 43.863 63.159 
9999999999.0 9999999999.0 9999999999.0 9999999999.0 26.907 9999999999.0 9999999999.0 6.708 0.0 9999999999.0 9999999999.0 9999999999.0 9999999999.0 9999999999.0 9999999999.0 9999999999.0 4.123 44.944 22.847 26.926 28.32 32.016 16.643 23.022 9999999999.0 45.354 48.384 52.202 55.785 9999999999.0 9999999999.0 9999999999.0 9999999999.0 9999999999.0 9999999999.0 9999999999.0 43.012 39.0 35.128 32.558 30.364 35.44 39.294 9999999999.0 9999999999.0 9999999999.0 9999999999.0 8.944 6.0 9999999999.0 9999999999.0 9999999999.0 9999999999.0 9999999999.0 9999999999.0 9999999999.0 9999999999.0 9999999999.0 9999999999.0 9999999999.0 9999999999.0 37.802 37.483 36.235 38.833 42.19 45.651 49.193 52.802 56.08 59.808 63.569 67.052 70.88 9999999999.0 9999999999.0 9999999999.0 9999999999.0 9999999999.0 9999999999.0 9999999999.0 9999999999.0 9999999999.0 9999999999.0 9999999999.0 45.222 43.278 45.255 48.166 51.225 55.0 58.249 61.057 64.498 67.535 70.682 72.236 9999999999.0 9999999999.0 9999999999.0 9999999999.0 83.235 79.202 81.688 88.233 91.4 93.086 95.671 99.086 9999999999.0 9999999999.0 9999999999.0 9999999999.0 9999999999.0 9999999999.0 9999999999.0 9999999999.0 9999999999.0 9999999999.0 9999999999.0 9999999999.0 9999999999.0 9999999999.0 9999999999.0 9999999999.0 9999999999.0 9999999999.0 9999999999.0 24.739 31.048 9999999999.0 9999999999.0 9999999999.0 79.025 83.6 62.65 87.321 9999999999.0 40.311 18.111 9999999999.0 9999999999.0 9999999999.0 9999999999.0 52.498 9999999999.0 9999999999.0 9999999999.0 51.313 72.25 9999999999.0 47.854 39.85 9999999999.0 87.693 9999999999.0 9999999999.0 9999999999.0 9999999999.0 9999999999.0 9.849 22.804 26.077 32.558 9999999999.0 9999999999.0 9999999999.0 21.19 9999999999.0 63.063 66.31 57.245 9999999999.0 9999999999.0 64.444 60.44 9999999999.0 9999999999.0 37.577 43.417 31.765 9999999999.0 9999999999.0 9999999999.0 9999999999.0 69.311 9999999999.0 9999999999.0 25.08 48.27 9999999999.0 42.048 46.615 9999999999.0 
65.0 65.0 9999999999.0 9999999999.0 9999999999.0 9999999999.0 9999999999.0 9999999999.0 9999999999.0 0.0 4.123 8.246 12.369 16.763 8.485 5.385 9999999999.0 28.636 9999999999.0 9999999999.0 49.336 45.88 9999999999.0 9999999999.0 61.741 9999999999.0 24.597 21.095 17.205 13.454 14.0 14.56 16.125 17.692 19.416 21.932 9999999999.0 9999999999.0 9999999999.0 9999999999.0 9999999999.0 9999999999.0 9999999999.0 9999999999.0 9999999999.0 9999999999.0 68.154 9999999999.0 9999999999.0 80.062 76.538 72.471 90.427 86.052 81.835 77.201 73.498 69.34 64.351 60.539 55.946 51.971 47.885 44.283 40.249 36.715 33.287 30.0 26.907 23.345 20.809 18.788 16.492 16.0 101.119 96.897 91.967 88.391 84.172 79.931 75.743 71.505 66.708 62.626 58.258 53.413 49.406 45.607 42.521 39.598 37.643 35.228 32.249 30.463 28.16 26.306 23.022 86.585 81.744 76.922 72.125 67.052 62.298 61.131 70.093 70.214 68.593 68.184 69.007 105.0 101.045 96.54 92.195 88.865 84.646 80.281 75.286 70.434 71.028 74.626 78.892 69.642 66.731 70.661 75.153 79.31 83.934 88.6 9999999999.0 9999999999.0 7.28 36.401 12.083 45.398 46.011 24.597 64.133 86.371 9999999999.0 9999999999.0 9999999999.0 56.08 63.246 62.29 49.518 64.885 56.859 11.18 34.655 46.174 15.524 35.355 9999999999.0 82.073 59.414 80.324 86.023 89.275 93.381 101.316 9999999999.0 9999999999.0 9999999999.0 50.16 66.483 81.835 9999999999.0 9999999999.0 8.485 13.892 23.087 27.803 21.19 21.024 50.606 52.431 58.412 75.027 36.056 41.049 9999999999.0 71.449 77.833 72.007 76.059 47.539 64.885 70.007 9999999999.0 49.578 78.102 33.106 37.802 63.008 
61.057 61.057 9999999999.0 9999999999.0 9999999999.0 9999999999.0 9999999999.0 9999999999.0 9999999999.0 4.123 0.0 4.123 8.246 12.649 5.385 4.472 9999999999.0 24.597 9999999999.0 9999999999.0 45.222 41.785 9999999999.0 9999999999.0 57.697 9999999999.0 20.591 17.205 13.454 10.0 15.524 15.0 15.524 16.125 16.971 18.868 9999999999.0 9999999999.0 9999999999.0 9999999999.0 9999999999.0 9999999999.0 9999999999.0 9999999999.0 9999999999.0 9999999999.0 64.078 9999999999.0 9999999999.0 76.059 72.56 68.476 86.683 82.329 78.102 73.41 69.635 65.46 60.465 56.604 51.971 48.021 43.909 40.249 36.235 32.757 29.411 26.249 23.345 20.0 17.889 16.492 15.0 15.524 97.622 93.434 88.527 84.865 80.61 76.368 72.139 67.897 63.032 58.898 54.562 49.679 45.607 41.869 38.897 36.125 34.409 32.249 29.547 28.16 26.306 25.0 22.204 84.723 79.831 74.953 70.093 65.0 60.166 59.228 68.25 68.593 67.186 67.007 68.066 101.833 97.801 93.236 88.865 85.604 81.4 77.006 72.007 67.201 67.956 71.694 76.059 66.731 63.953 68.029 72.615 76.896 81.597 86.331 9999999999.0 9999999999.0 8.246 34.986 9.22 44.045 45.1 22.136 62.514 82.976 9999999999.0 9999999999.0 9999999999.0 52.0 59.135 58.898 46.098 60.902 53.009 10.198 31.145 44.147 12.083 33.422 9999999999.0 78.645 58.078 78.16 83.934 85.633 89.805 97.949 9999999999.0 9999999999.0 9999999999.0 46.098 63.032 77.936 9999999999.0 9999999999.0 7.28 11.402 21.213 24.698 17.088 17.0 47.854 49.396 55.218 72.732 31.953 37.202 9999999999.0 68.015 74.411 68.25 72.014 45.222 62.394 67.676 9999999999.0 45.967 74.411 29.069 34.059 59.908 
57.14 57.14 9999999999.0 9999999999.0 9999999999.0 9999999999.0 9999999999.0 9999999999.0 9999999999.0 8.246 4.123 0.0 4.123 8.544 4.472 6.708 9999999999.0 20.591 9999999999.0 9999999999.0 9999999999.0 37.696 9999999999.0 9999999999.0 53.666 9999999999.0 16.643 13.454 10.0 7.28 17.889 16.492 16.0 15.524 15.264 16.279 9999999999.0 9999999999.0 9999999999.0 9999999999.0 9999999999.0 9999999999.0 9999999999.0 9999999999.0 9999999999.0 9999999999.0 60.008 9999999999.0 9999999999.0 72.069 68.6 64.498 82.976 78.645 74.411 69.656 65.803 61.612 56.613 52.697 48.021 44.102 39.962 36.235 32.249 28.844 25.612 22.627 20.0 17.0 15.524 15.0 14.56 16.125 94.175 90.028 85.147 81.394 77.104 72.863 68.593 64.351 59.414 55.227 50.931 46.011 41.869 38.21 35.384 32.802 31.385 29.547 27.203 26.306 25.0 24.331 22.136 83.024 78.09 73.164 68.25 63.151 58.249 57.559 66.611 67.186 66.008 66.068 67.365 98.737 94.626 90.0 85.604 82.42 78.237 73.817 68.819 64.07 65.0 68.884 73.348 63.953 61.327 65.552 70.228 74.632 79.404 84.202 9999999999.0 9999999999.0 10.817 34.015 7.616 43.046 44.553 20.224 61.131 79.649 9999999999.0 9999999999.0 9999999999.0 47.927 55.027 55.606 42.802 56.939 49.204 10.817 27.803 42.426 9.22 9999999999.0 9999999999.0 75.286 57.009 76.158 82.0 82.037 86.279 94.641 9999999999.0 9999999999.0 9999999999.0 42.048 59.666 74.061 9999999999.0 9999999999.0 8.246 10.05 20.025 21.932 13.0 13.038 45.31 46.53 52.154 70.605 27.857 33.422 9999999999.0 64.661 71.063 64.537 67.978 43.174 60.083 65.521 9999999999.0 42.45 70.767 25.06 30.414 56.939 
53.254 53.254 9999999999.0 9999999999.0 9999999999.0 9999999999.0 9999999999.0 9999999999.0 9999999999.0 12.369 8.246 4.123 0.0 4.472 6.708 10.198 9999999999.0 16.643 9999999999.0 9999999999.0 9999999999.0 33.615 9999999999.0 9999999999.0 49.649 9999999999.0 12.806 10.0 7.28 6.325 20.809 18.788 17.464 16.0 14.56 14.422 9999999999.0 9999999999.0 9999999999.0 9999999999.0 9999999999.0 9999999999.0 9999999999.0 9999999999.0 9999999999.0 9999999999.0 55.946 9999999999.0 9999999999.0 68.096 64.661 60.539 79.31 75.007 70.767 65.947 62.008 57.801 52.802 48.826 44.102 40.224 36.056 32.249 28.302 25.0 21.932 19.209 17.0 14.56 14.0 14.56 15.264 17.692 90.785 86.683 81.835 77.987 73.661 69.426 65.115 60.877 55.866 51.624 47.381 42.426 38.21 34.655 32.016 29.682 28.636 27.203 25.318 25.0 24.331 24.352 22.825 81.498 76.531 71.568 66.611 61.522 56.569 56.143 65.192 66.008 65.069 65.376 66.91 95.718 91.526 86.839 82.42 79.322 75.166 70.725 65.734 61.057 62.177 66.212 70.774 61.327 58.873 63.246 68.007 72.533 77.369 82.225 9999999999.0 9999999999.0 14.142 33.526 8.062 42.426 44.385 19.026 60.0 76.4 9999999999.0 9999999999.0 9999999999.0 43.863 9999999999.0 52.431 39.661 53.0 45.453 12.806 24.698 41.049 7.616 9999999999.0 9999999999.0 72.007 56.223 74.33 80.231 78.492 82.807 91.4 9999999999.0 9999999999.0 9999999999.0 38.013 56.4 70.214 9999999999.0 9999999999.0 10.817 10.296 19.647 19.647 8.944 9.22 43.012 43.863 49.244 68.659 23.77 29.732 9999999999.0 61.4 67.801 60.877 63.953 41.437 57.974 63.561 9999999999.0 39.051 67.179 21.095 26.907 54.12 
48.826 48.826 9999999999.0 9999999999.0 9999999999.0 9999999999.0 9999999999.0 9999999999.0 9999999999.0 16.763 12.649 8.544 4.472 0.0 10.05 14.0 9999999999.0 12.207 9999999999.0 9999999999.0 32.573 29.155 9999999999.0 9999999999.0 45.177 9999999999.0 8.485 6.325 5.385 7.211 24.839 22.472 20.616 18.439 16.0 14.56 9999999999.0 9999999999.0 9999999999.0 9999999999.0 9999999999.0 9999999999.0 9999999999.0 9999999999.0 9999999999.0 9999999999.0 51.478 9999999999.0 9999999999.0 63.632 60.208 56.08 75.007 70.725 66.483 61.62 57.628 53.413 48.415 44.407 39.661 35.805 31.623 27.785 23.854 20.616 17.692 15.264 13.601 12.0 12.649 14.422 16.279 19.416 86.683 82.62 77.801 73.878 69.527 65.299 60.959 56.727 51.662 47.381 43.186 38.21 33.941 30.48 28.018 25.942 25.298 24.331 23.0 23.345 23.409 24.187 23.431 79.158 74.169 69.181 64.195 59.135 54.148 54.0 63.008 64.07 63.388 63.953 65.734 91.924 87.664 82.928 78.492 75.472 71.344 66.888 61.911 57.306 58.6 62.769 67.417 57.94 55.66 60.166 65.0 69.635 74.525 79.429 9999999999.0 9999999999.0 18.439 34.525 11.18 41.231 43.658 17.72 58.138 72.422 9999999999.0 9999999999.0 9999999999.0 39.395 46.487 48.549 35.847 48.549 41.11 15.232 21.024 39.051 9.055 9999999999.0 9999999999.0 68.007 54.745 71.701 77.647 74.277 78.645 87.419 9999999999.0 9999999999.0 9999999999.0 33.541 52.431 65.803 9999999999.0 9999999999.0 14.866 11.402 19.235 17.029 4.472 6.403 40.025 40.497 45.618 65.924 19.313 25.456 9999999999.0 57.428 63.82 56.586 59.481 39.051 55.109 60.828 9999999999.0 35.0 62.936 16.643 22.804 50.567 
56.824 56.824 9999999999.0 9999999999.0 9999999999.0 9999999999.0 9999999999.0 9999999999.0 9999999999.0 8.485 5.385 4.472 6.708 10.05 0.0 4.123 9999999999.0 20.881 9999999999.0 9999999999.0 41.976 38.328 9999999999.0 49.82 53.852 18.028 16.763 13.0 8.944 5.0 20.881 20.1 20.1 19.925 19.723 20.518 9999999999.0 9999999999.0 9999999999.0 9999999999.0 9999999999.0 9999999999.0 9999999999.0 9999999999.0 9999999999.0 9999999999.0 60.407 9999999999.0 9999999999.0 72.014 68.425 64.405 82.006 77.621 73.41 68.819 65.192 61.057 56.08 52.355 47.854 43.829 39.812 36.401 32.311 28.636 25.06 21.633 18.439 14.866 12.53 11.18 10.198 11.662 92.634 88.414 83.487 79.906 75.69 71.449 67.268 63.032 58.258 54.203 49.82 45.0 41.049 37.202 34.059 31.113 29.206 26.926 24.166 22.804 21.095 20.1 17.72 79.429 74.525 69.635 64.761 59.666 54.818 53.935 62.968 63.388 62.073 62.008 63.198 96.607 92.617 88.091 83.738 80.43 76.217 71.84 66.843 62.008 62.682 66.37 70.711 61.4 58.592 62.65 67.231 71.512 76.217 80.957 9999999999.0 9999999999.0 13.601 38.484 12.083 39.0 40.311 16.763 57.315 77.897 9999999999.0 9999999999.0 54.148 48.384 55.785 53.814 41.037 56.798 48.549 6.403 26.173 38.833 13.454 9999999999.0 9999999999.0 73.593 53.009 72.801 78.588 80.808 84.9 92.849 9999999999.0 44.181 40.2 42.379 58.0 73.573 9999999999.0 9999999999.0 12.0 6.083 16.031 19.416 14.036 15.811 42.485 44.102 50.0 67.357 28.636 32.757 34.366 62.968 69.354 63.6 68.154 39.85 57.009 62.298 9999999999.0 41.11 69.656 25.298 29.411 54.644 
60.828 60.828 9999999999.0 9999999999.0 9999999999.0 9999999999.0 9999999999.0 9999999999.0 9999999999.0 5.385 4.472 6.708 10.198 14.0 4.123 0.0 9999999999.0 25.0 9999999999.0 9999999999.0 46.098 42.45 9999999999.0 53.935 57.94 22.091 20.881 17.088 13.0 8.944 19.105 19.105 19.925 20.591 21.26 22.804 9999999999.0 9999999999.0 9999999999.0 9999999999.0 9999999999.0 9999999999.0 9999999999.0 9999999999.0 9999999999.0 9999999999.0 64.514 9999999999.0 9999999999.0 76.059 72.45 68.447 85.802 81.4 77.201 72.67 69.116 65.0 60.033 56.356 51.894 47.854 43.863 40.497 36.401 32.696 29.069 25.554 22.204 18.439 15.62 13.416 11.18 11.18 96.177 91.924 86.977 83.487 79.31 75.073 70.937 66.708 62.008 58.009 53.6 48.826 44.944 41.049 37.802 34.713 32.558 30.0 26.926 25.08 22.804 21.095 18.028 81.253 76.4 71.568 66.761 61.685 56.921 55.785 64.761 64.938 63.388 63.071 64.008 99.81 95.901 91.439 87.115 83.738 79.511 75.166 70.178 65.299 65.803 69.34 73.573 64.351 61.4 65.299 69.778 73.926 78.549 83.217 9999999999.0 9999999999.0 12.0 39.446 13.454 40.2 41.012 19.235 58.856 81.345 9999999999.0 9999999999.0 58.215 52.498 59.908 57.28 44.553 60.836 52.479 6.0 29.833 40.804 15.811 9999999999.0 9999999999.0 77.078 54.231 74.947 80.654 84.504 88.527 96.26 9999999999.0 48.26 44.283 46.487 61.522 77.524 9999999999.0 9999999999.0 11.705 8.602 17.72 22.672 18.111 19.416 45.277 47.202 53.263 69.642 32.757 36.715 38.471 66.468 72.835 67.424 72.236 42.154 59.506 64.622 9999999999.0 44.822 73.41 29.411 33.287 57.801 
36.878 36.878 35.468 23.259 25.239 27.659 30.414 4.472 4.123 9999999999.0 9999999999.0 9999999999.0 9999999999.0 9999999999.0 9999999999.0 9999999999.0 0.0 40.853 18.788 22.847 24.759 28.32 12.806 20.125 30.083 41.231 44.272 48.083 51.662 9999999999.0 9999999999.0 9999999999.0 9999999999.0 9999999999.0 9999999999.0 9999999999.0 39.051 35.014 31.064 28.443 26.249 31.321 35.171 9.487 9999999999.0 9999999999.0 9999999999.0 7.0 6.403 9999999999.0 9999999999.0 9999999999.0 9999999999.0 9999999999.0 9999999999.0 9999999999.0 9999999999.0 9999999999.0 39.294 36.056 33.541 34.67 34.059 32.558 35.0 38.275 41.677 45.177 48.754 52.0 55.714 59.464 62.936 66.761 9999999999.0 9999999999.0 9999999999.0 9999999999.0 9999999999.0 9999999999.0 9999999999.0 52.173 47.802 44.598 44.283 42.19 40.0 41.773 44.553 47.508 51.225 54.406 57.14 60.539 63.53 66.641 68.154 97.046 92.59 88.193 83.863 80.156 76.026 78.409 85.147 88.233 89.811 92.315 95.671 9999999999.0 9999999999.0 9999999999.0 9999999999.0 9999999999.0 9999999999.0 9999999999.0 63.063 61.351 65.192 70.228 74.947 67.624 68.425 73.348 77.878 82.855 87.464 92.114 21.19 27.514 9999999999.0 49.396 9999999999.0 75.286 79.812 58.6 84.024 9999999999.0 36.222 14.318 13.601 26.833 9999999999.0 53.712 49.204 34.713 38.91 9999999999.0 47.434 68.622 9999999999.0 44.777 36.401 9999999999.0 84.22 87.664 93.107 9999999999.0 9999999999.0 9999999999.0 5.831 19.105 22.204 29.206 54.083 9999999999.0 16.971 17.889 9999999999.0 58.941 62.241 53.235 9999999999.0 9999999999.0 61.074 57.201 56.436 81.841 33.541 39.699 27.785 57.009 9999999999.0 9999999999.0 9999999999.0 65.765 72.201 77.897 21.024 45.0 9999999999.0 38.013 42.802 60.374 
36.62 36.62 44.598 45.607 43.267 41.183 39.395 40.706 44.944 28.636 24.597 20.591 16.643 12.207 20.881 25.0 40.853 0.0 22.136 18.028 21.213 17.464 28.862 29.155 33.106 5.385 4.123 8.062 12.166 16.279 36.77 34.059 9999999999.0 9999999999.0 9999999999.0 9999999999.0 17.029 16.279 14.765 14.142 14.765 10.0 7.211 42.438 9999999999.0 9999999999.0 39.56 38.833 43.174 51.478 48.021 43.909 62.936 58.694 54.452 49.518 45.453 41.231 36.235 32.202 27.459 23.601 19.416 15.652 11.662 8.485 6.325 6.325 8.485 11.18 14.866 18.682 22.361 26.306 75.0 71.028 66.287 62.201 57.801 53.6 49.204 45.0 39.825 35.468 31.401 26.401 22.023 18.868 17.088 16.125 17.117 18.028 18.868 21.26 23.431 26.077 27.313 72.173 67.186 62.201 57.219 52.345 47.381 48.052 56.719 58.464 58.523 59.808 62.241 80.951 76.538 71.694 67.231 64.413 60.374 55.902 50.99 46.615 48.384 52.887 57.723 48.27 46.53 51.352 56.321 61.205 66.189 71.176 28.425 26.833 30.61 9999999999.0 22.672 38.588 42.202 18.028 52.887 61.057 11.18 30.0 34.059 27.514 34.928 37.577 25.298 36.359 29.0 24.021 12.042 34.176 9999999999.0 37.014 28.284 56.604 50.695 64.0 70.0 62.37 66.843 76.007 35.114 24.083 20.1 21.541 41.183 53.6 37.483 31.828 26.907 19.0 21.471 13.454 7.81 9999999999.0 32.016 31.257 35.44 58.009 8.0 13.601 14.036 46.141 52.479 44.553 47.424 32.985 47.011 53.0 22.023 23.707 50.99 4.472 11.705 40.522 
29.411 29.411 35.511 29.833 29.155 29.017 29.428 19.209 22.847 9999999999.0 9999999999.0 9999999999.0 9999999999.0 9999999999.0 9999999999.0 9999999999.0 18.788 22.136 0.0 4.123 10.0 11.705 7.0 12.806 22.847 23.087 25.71 29.614 33.377 37.216 9999999999.0 9999999999.0 9999999999.0 9999999999.0 9999999999.0 9999999999.0 24.166 20.125 15.232 11.402 8.0 13.038 17.029 22.023 9999999999.0 9999999999.0 26.401 17.029 21.213 40.0 37.736 33.615 56.365 52.924 49.041 43.658 38.626 34.785 30.806 26.476 22.091 21.095 18.682 15.652 17.029 19.849 23.022 26.42 29.967 33.242 37.0 40.804 44.385 48.27 71.169 68.007 64.031 59.203 54.818 51.196 46.872 43.417 38.21 34.059 32.062 28.443 25.0 25.495 27.459 29.833 33.242 36.125 38.601 41.881 44.777 47.854 49.396 83.169 78.435 73.736 69.08 64.885 60.374 62.266 69.778 72.471 73.573 75.717 78.816 80.604 75.71 70.612 66.287 64.63 61.294 57.14 53.009 50.09 53.339 58.421 63.388 54.918 54.818 59.908 64.761 69.857 74.733 79.624 15.297 19.235 9999999999.0 42.202 9999999999.0 57.28 61.62 39.812 67.742 60.017 19.416 11.402 13.928 16.763 19.849 41.304 33.615 27.857 27.0 45.398 29.069 51.088 9999999999.0 37.202 27.019 55.731 67.201 74.041 79.812 57.585 62.626 73.763 13.0 5.831 5.099 15.033 43.012 44.777 20.616 16.031 9999999999.0 40.608 43.463 34.482 27.074 9999999999.0 44.777 41.629 42.45 68.007 14.765 22.204 9.22 47.043 52.345 40.262 34.828 48.6 57.585 63.569 8.062 29.732 46.84 19.235 24.759 47.074 
29.967 29.967 36.056 31.953 30.806 30.15 30.017 23.022 26.926 9999999999.0 9999999999.0 9999999999.0 9999999999.0 9999999999.0 9999999999.0 9999999999.0 22.847 18.028 4.123 0.0 9.849 10.0 11.045 15.0 23.854 19.026 21.587 25.495 29.275 33.136 9999999999.0 9999999999.0 9999999999.0 9999999999.0 9999999999.0 9999999999.0 21.095 17.205 12.207 8.062 4.123 9.0 13.0 25.456 9999999999.0 9999999999.0 28.284 21.095 25.318 41.773 39.205 35.0 57.306 53.666 49.659 44.283 39.357 35.341 31.016 26.571 21.84 20.1 17.029 13.342 13.892 16.279 19.209 22.472 25.942 29.155 32.894 36.688 40.262 44.147 71.694 68.352 64.195 59.464 55.027 51.245 46.84 43.174 37.855 33.541 31.064 27.019 23.195 23.087 24.597 26.627 29.833 32.527 34.828 38.013 40.817 43.829 45.31 81.043 76.243 71.47 66.731 62.394 57.775 59.481 67.231 69.778 70.711 72.719 75.717 80.523 75.69 70.605 66.219 64.327 60.828 56.569 52.24 49.01 52.038 57.079 62.073 53.339 52.953 58.052 62.968 68.066 72.993 77.929 16.031 18.682 9999999999.0 40.817 9999999999.0 53.759 58.0 35.777 64.885 59.908 15.811 13.892 17.464 17.493 22.023 40.012 31.321 28.653 26.306 41.304 25.456 47.802 9999999999.0 35.847 25.554 55.543 64.07 72.035 77.878 58.181 63.159 74.0 17.088 8.062 5.0 14.318 42.107 46.043 22.847 17.72 9999999999.0 36.497 39.395 30.529 23.022 9999999999.0 42.048 39.217 40.608 65.97 10.817 19.235 5.831 46.39 51.971 40.497 36.77 45.486 55.362 61.4 8.0 27.659 47.17 15.264 21.401 45.398 
20.125 20.125 45.398 39.623 39.115 39.013 39.319 26.627 28.32 49.336 45.222 9999999999.0 9999999999.0 32.573 41.976 46.098 24.759 21.213 10.0 9.849 0.0 4.123 12.207 8.0 14.213 24.352 25.318 29.275 33.377 37.483 9999999999.0 9999999999.0 9999999999.0 9999999999.0 9999999999.0 9999999999.0 29.732 26.173 21.26 17.029 12.806 15.811 19.235 30.414 9999999999.0 9999999999.0 19.416 9999999999.0 9999999999.0 32.558 29.732 25.495 47.508 43.829 39.812 34.438 29.53 25.495 21.19 16.763 12.166 11.18 9.434 8.062 11.402 15.297 19.235 23.195 27.166 31.064 35.057 39.051 43.012 47.011 61.847 58.523 54.406 49.649 45.222 41.485 37.108 33.541 28.284 24.083 22.091 18.682 15.652 17.029 19.849 23.022 26.926 30.414 33.615 37.336 40.804 44.385 46.69 73.736 69.08 64.475 59.933 55.946 51.624 53.824 60.902 63.812 65.215 67.624 70.937 70.831 65.97 60.877 56.515 54.745 51.352 47.17 43.012 40.112 43.417 48.508 53.46 45.122 45.222 50.289 55.082 60.166 65.0 69.857 25.179 28.46 9999999999.0 50.606 9999999999.0 50.804 55.471 36.674 59.405 50.22 23.601 21.213 13.928 7.81 13.928 31.401 24.698 18.868 17.0 45.177 23.77 43.932 9999999999.0 45.651 35.355 45.891 59.464 64.514 70.214 48.332 53.31 64.195 19.209 5.831 5.099 5.099 33.015 36.401 30.414 26.019 9999999999.0 40.112 40.608 30.806 28.16 9999999999.0 36.401 32.757 32.894 58.523 13.342 15.264 8.062 37.054 42.426 30.676 27.803 41.012 48.332 54.231 17.464 20.591 37.336 17.029 18.788 37.363 
21.401 21.401 46.043 41.485 40.608 40.112 40.012 29.833 32.016 45.88 41.785 37.696 33.615 29.155 38.328 42.45 28.32 17.464 11.705 10.0 4.123 0.0 15.556 12.042 16.401 21.024 21.587 25.495 29.614 33.734 9999999999.0 9999999999.0 9999999999.0 9999999999.0 9999999999.0 9999999999.0 27.659 24.413 19.723 15.652 11.705 13.454 16.401 33.287 9999999999.0 9999999999.0 22.361 9999999999.0 9999999999.0 35.0 31.89 27.659 48.826 44.944 40.817 35.511 30.806 26.627 21.954 17.493 12.53 10.198 7.071 4.243 7.28 11.18 15.133 19.105 23.087 27.019 31.016 35.014 39.0 43.0 62.61 59.093 54.781 50.16 45.695 41.785 37.336 33.526 28.16 23.77 21.095 17.029 13.342 13.892 16.279 19.209 23.022 26.42 29.547 33.242 36.688 40.262 42.579 71.47 66.731 62.032 57.385 53.226 48.765 50.774 58.138 60.902 62.129 64.405 67.624 70.88 66.098 61.033 56.613 54.571 50.99 46.69 42.297 39.013 42.048 47.096 52.086 43.417 43.174 48.27 53.151 58.249 63.151 68.066 26.019 28.443 9999999999.0 49.659 9999999999.0 47.011 51.614 32.558 56.303 50.289 21.213 23.087 18.028 10.296 17.464 30.017 21.932 20.518 16.492 41.304 19.698 40.311 9999999999.0 44.777 34.54 45.88 56.08 62.362 68.154 49.244 54.12 64.622 22.627 9.22 6.708 5.0 32.14 38.21 32.28 27.459 9999999999.0 36.222 36.497 26.683 24.698 9999999999.0 33.287 29.967 30.806 56.321 9.849 11.402 5.831 36.497 42.202 31.305 30.529 37.537 45.88 51.865 18.0 18.028 38.013 13.153 14.765 35.511 
28.071 28.071 37.336 29.0 29.275 30.083 31.385 14.422 16.643 9999999999.0 9999999999.0 9999999999.0 9999999999.0 9999999999.0 9999999999.0 9999999999.0 12.806 28.862 7.0 11.045 12.207 15.556 0.0 10.05 21.095 30.067 32.558 36.497 40.311 44.181 9999999999.0 9999999999.0 9999999999.0 9999999999.0 9999999999.0 9999999999.0 30.676 26.571 21.84 18.248 15.0 20.025 24.021 18.385 9999999999.0 9999999999.0 22.847 10.05 14.318 36.235 34.54 30.676 53.759 50.695 47.074 41.773 36.674 33.242 30.0 26.077 22.561 22.847 21.633 19.799 22.204 25.554 29.069 32.696 36.401 39.85 43.681 47.539 51.196 55.109 69.123 66.287 62.65 57.706 53.46 50.16 46.043 43.012 38.118 34.366 33.242 30.463 27.785 29.206 31.828 34.713 38.419 41.617 44.418 47.885 50.99 54.231 55.973 85.615 81.025 76.485 72.007 68.096 63.812 66.03 73.062 76.007 77.421 79.812 83.096 79.511 74.545 69.462 65.276 64.031 61.008 57.079 53.339 50.99 54.571 59.666 64.537 56.613 57.009 62.032 66.731 71.784 76.538 81.32 18.028 23.345 9999999999.0 46.69 9999999999.0 62.482 67.007 46.239 71.61 59.135 26.306 11.705 7.81 16.125 16.155 42.72 36.892 26.173 27.893 52.345 34.67 55.866 9999999999.0 41.725 31.89 55.036 71.589 76.322 81.933 55.543 60.638 72.18 7.071 6.403 9.434 17.0 43.738 41.785 20.1 17.088 9999999999.0 47.518 49.98 40.719 34.059 9999999999.0 48.6 44.944 44.777 70.385 21.19 26.907 15.232 47.265 52.01 39.115 30.887 53.075 60.374 66.212 13.038 32.757 45.398 25.632 30.0 49.041 
18.028 18.028 47.127 39.013 39.319 40.025 41.11 23.087 23.022 9999999999.0 9999999999.0 9999999999.0 9999999999.0 9999999999.0 49.82 53.935 20.125 29.155 12.806 15.0 8.0 12.042 10.05 0.0 11.045 32.016 33.242 37.216 41.304 45.398 9999999999.0 9999999999.0 9999999999.0 9999999999.0 9999999999.0 9999999999.0 36.056 32.202 27.203 23.022 18.868 22.847 26.571 27.659 9999999999.0 9999999999.0 13.601 9999999999.0 9999999999.0 27.203 25.06 21.024 44.011 40.804 37.108 31.78 26.683 23.195 20.025 16.279 13.416 14.866 15.264 15.524 19.235 23.195 27.166 31.145 35.128 39.051 43.046 47.043 51.01 55.009 59.203 56.294 52.612 47.676 43.417 40.112 36.014 33.061 28.284 24.739 24.166 22.204 20.518 23.022 26.42 29.967 34.015 37.696 41.11 44.922 48.508 52.173 54.589 76.922 72.471 68.096 63.812 60.216 56.223 58.796 65.215 68.411 70.178 72.863 76.368 69.462 64.498 59.414 55.227 54.009 51.039 47.17 43.566 41.485 45.222 50.289 55.082 47.539 48.301 53.226 57.775 62.769 67.417 72.111 27.313 31.906 9999999999.0 55.0 9999999999.0 57.454 62.266 44.553 64.444 49.092 30.414 21.587 7.071 6.708 7.071 33.615 29.698 16.125 18.788 53.151 31.321 50.22 9999999999.0 50.0 39.825 45.011 65.115 67.543 73.007 45.607 50.695 62.169 15.524 7.071 10.296 10.296 34.205 32.202 30.15 26.926 9999999999.0 48.094 48.508 38.639 35.903 9999999999.0 41.725 37.537 36.359 61.717 21.213 22.472 15.524 37.483 42.048 29.069 22.023 47.011 52.154 57.801 20.809 25.456 35.355 25.02 26.249 40.249 
7.0 7.0 57.974 50.04 50.359 50.99 51.923 33.541 9999999999.0 61.741 57.697 53.666 49.649 45.177 53.852 57.94 30.083 33.106 22.847 23.854 14.213 16.401 21.095 11.045 0.0 37.216 37.162 40.853 44.944 49.041 9999999999.0 9999999999.0 9999999999.0 9999999999.0 9999999999.0 9999999999.0 43.841 40.361 35.468 31.241 27.019 29.732 32.802 38.328 15.0 11.0 7.0 9999999999.0 9999999999.0 18.601 15.556 11.314 33.541 30.083 26.249 20.881 15.811 12.166 9.22 6.403 7.071 11.0 14.318 17.464 21.541 25.298 29.12 32.985 36.878 41.0 44.911 48.836 52.953 56.886 48.384 45.354 41.593 36.674 32.388 29.069 25.0 22.204 17.72 14.765 15.556 15.652 16.279 20.1 24.083 28.071 32.14 36.125 40.05 44.045 48.01 52.0 55.082 67.742 63.514 59.405 55.444 52.345 48.836 51.856 57.315 60.811 63.032 66.068 69.814 58.421 53.46 48.374 44.181 43.0 40.112 36.346 32.985 31.385 35.341 40.311 44.944 38.079 39.408 44.102 48.374 53.235 57.697 62.241 37.947 42.048 9999999999.0 64.661 9999999999.0 53.488 58.523 45.177 57.489 38.053 37.537 32.558 16.492 6.403 7.211 24.413 24.166 5.099 10.817 56.045 31.064 45.695 9999999999.0 59.682 49.396 34.0 59.076 58.31 63.53 34.785 39.85 51.196 26.173 17.088 18.868 11.662 24.166 22.204 41.195 37.855 9999999999.0 50.961 49.163 39.205 40.706 9999999999.0 35.847 31.064 28.284 52.697 26.077 22.204 21.932 26.926 31.145 18.028 14.318 42.048 43.932 49.204 30.871 20.248 24.331 28.636 26.173 31.401 
