EDGE_WEIGHT_TYPE: EXPLICIT
EDGE_WEIGHT_FORMAT: FULL_MATRIX
DIMENSION: 35
VEHICLES: 1
NODE_COORD_SECTION
1 24 53
2 24 53
3 80 48
4 76 47
5 72 46
6 68 46
7 64 45
8 60 44
9 56 43
10 52 41
11 48 39
12 44 38
13 40 37
14 36 35
15 32 34
16 28 33
17 24 32
18 20 30
19 16 29
20 12 26
21 21 18
22 63 24
23 47 18
24 70 30
25 31 14
26 17 23
27 61 34
28 37 24
29 25 24
30 52 28
31 55 31
32 29 23
33 76 37
34 44 28
35 70 38
EDGE_WEIGHT_SECTION
0.0 0.0 56.223 52.345 48.508 44.553 40.792 37.108 33.526 30.463 27.785 25.0 22.627 21.633 20.616 20.396 21.0 23.345 25.298 29.547 35.128 48.6 41.881 51.43 39.623 30.806 41.593 31.78 29.017 37.537 38.013 30.414 54.406 32.016 48.384 
0.0 0.0 56.223 52.345 48.508 44.553 40.792 37.108 33.526 30.463 27.785 25.0 22.627 21.633 20.616 20.396 21.0 23.345 25.298 29.547 35.128 48.6 41.881 51.43 39.623 30.806 41.593 31.78 29.017 37.537 38.013 30.414 54.406 32.016 48.384 
56.223 56.223 0.0 4.123 8.246 12.166 16.279 20.396 24.515 28.862 33.242 37.363 41.485 45.88 50.0 54.12 58.241 62.642 66.761 71.47 66.189 29.411 44.598 20.591 59.641 67.779 23.601 49.244 60.008 34.409 30.232 56.798 11.705 41.183 14.142 
52.345 52.345 4.123 0.0 4.123 8.062 12.166 16.279 20.396 24.739 29.12 33.242 37.363 41.761 45.88 50.0 54.12 58.523 62.642 67.357 62.177 26.42 41.012 18.028 55.803 63.695 19.849 45.277 55.946 30.61 26.401 52.773 10.0 37.216 10.817 
48.508 48.508 8.246 4.123 0.0 4.0 8.062 12.166 16.279 20.616 25.0 29.12 33.242 37.643 41.761 45.88 50.0 54.406 58.523 63.246 58.181 23.77 37.537 16.125 52.01 59.615 16.279 41.34 51.894 26.907 22.672 48.765 9.849 33.287 8.246 
44.553 44.553 12.166 8.062 4.0 0.0 4.123 8.246 12.369 16.763 21.19 25.298 29.411 33.838 37.947 42.059 46.174 50.596 54.708 59.464 54.708 22.561 35.0 16.125 48.918 55.946 13.892 38.013 48.301 24.083 19.849 45.277 12.042 30.0 8.246 
40.792 40.792 16.279 12.166 8.062 4.123 0.0 4.123 8.246 12.649 17.088 21.19 25.298 29.732 33.838 37.947 42.059 46.487 50.596 55.362 50.774 21.024 31.906 16.155 45.277 51.894 11.402 34.205 44.294 20.809 16.643 41.34 14.422 26.249 9.22 
37.108 37.108 20.396 16.279 12.166 8.246 4.123 0.0 4.123 8.544 13.0 17.088 21.19 25.632 29.732 33.838 37.947 42.379 46.487 51.264 46.872 20.224 29.069 17.205 41.725 47.854 10.05 30.48 40.311 17.889 13.928 37.443 17.464 22.627 11.662 
33.526 33.526 24.515 20.396 16.279 12.369 8.246 4.123 0.0 4.472 8.944 13.0 17.088 21.541 25.632 29.732 33.838 38.275 42.379 47.17 43.012 20.248 26.571 19.105 38.288 43.829 10.296 26.87 36.359 15.524 12.042 33.601 20.881 19.209 14.866 
30.463 30.463 28.862 24.739 20.616 16.763 12.649 8.544 4.472 0.0 4.472 8.544 12.649 17.088 21.19 25.298 29.411 33.838 37.947 42.72 38.601 20.248 23.537 21.095 34.205 39.357 11.402 22.672 31.906 13.0 10.44 29.206 24.331 15.264 18.248 
27.785 27.785 33.242 29.12 25.0 21.19 17.088 13.0 8.944 4.472 0.0 4.123 8.246 12.649 16.763 20.881 25.0 29.411 33.526 38.275 34.205 21.213 21.024 23.77 30.232 34.886 13.928 18.601 27.459 11.705 10.63 24.839 28.071 11.705 22.023 
25.0 25.0 37.363 33.242 29.12 25.298 21.19 17.088 13.0 8.544 4.123 0.0 4.123 8.544 12.649 16.763 20.881 25.298 29.411 34.176 30.48 23.601 20.224 27.203 27.295 30.887 17.464 15.652 23.601 12.806 13.038 21.213 32.016 10.0 26.0 
22.627 22.627 41.485 37.363 33.242 29.411 25.298 21.19 17.088 12.649 8.246 4.123 0.0 4.472 8.544 12.649 16.763 21.19 25.298 30.083 26.87 26.42 20.248 30.806 24.698 26.926 21.213 13.342 19.849 15.0 16.155 17.804 36.0 9.849 30.017 
21.633 21.633 45.88 41.761 37.643 33.838 29.732 25.632 21.541 17.088 12.649 8.544 4.472 0.0 4.123 8.246 12.369 16.763 20.881 25.632 22.672 29.155 20.248 34.366 21.587 22.472 25.02 11.045 15.556 17.464 19.416 13.892 40.05 10.63 34.132 
20.616 20.616 50.0 45.88 41.761 37.947 33.838 29.732 25.632 21.19 16.763 12.649 8.544 4.123 0.0 4.123 8.246 12.649 16.763 21.541 19.416 32.573 21.932 38.21 20.025 18.601 29.0 11.18 12.207 20.881 23.195 11.402 44.102 13.416 38.21 
20.396 20.396 54.12 50.0 45.88 42.059 37.947 33.838 29.732 25.298 20.881 16.763 12.649 8.246 4.123 0.0 4.123 8.544 12.649 17.464 16.553 36.139 24.207 42.107 19.235 14.866 33.015 12.728 9.487 24.515 27.074 10.05 48.166 16.763 42.297 
21.0 21.0 58.241 54.12 50.0 46.174 42.059 37.947 33.838 29.411 25.0 20.881 16.763 12.369 8.246 4.123 0.0 4.472 8.544 13.416 14.318 39.812 26.926 46.043 19.313 11.402 37.054 15.264 8.062 28.284 31.016 10.296 52.24 20.396 46.39 
23.345 23.345 62.642 58.523 54.406 50.596 46.487 42.379 38.275 33.838 29.411 25.298 21.19 16.763 12.649 8.544 4.472 0.0 4.123 8.944 12.042 43.417 29.547 50.0 19.416 7.616 41.195 18.028 7.81 32.062 35.014 11.402 56.436 24.083 50.636 
25.298 25.298 66.761 62.642 58.523 54.708 50.596 46.487 42.379 37.947 33.526 29.411 25.298 20.881 16.763 12.649 8.544 4.123 0.0 5.0 12.083 47.265 32.894 54.009 21.213 6.083 45.277 21.587 10.296 36.014 39.051 14.318 60.531 28.018 54.745 
29.547 29.547 71.47 67.357 63.246 59.464 55.362 51.264 47.17 42.72 38.275 34.176 30.083 25.632 21.541 17.464 13.416 8.944 5.0 0.0 12.042 51.039 35.903 58.138 22.472 5.831 49.649 25.08 13.153 40.05 43.29 17.263 64.938 32.062 59.228 
35.128 35.128 66.189 62.177 58.181 54.708 50.774 46.872 43.012 38.601 34.205 30.48 26.87 22.672 19.416 16.553 14.318 12.042 12.083 12.042 0.0 42.426 26.0 50.448 10.77 6.403 43.081 17.088 7.211 32.573 36.401 9.434 58.189 25.08 52.924 
48.6 48.6 29.411 26.42 23.77 22.561 21.024 20.224 20.248 20.248 21.213 23.601 26.42 29.155 32.573 36.139 39.812 43.417 47.265 51.039 42.426 0.0 17.088 9.22 33.526 46.011 10.198 26.0 38.0 11.705 10.63 34.015 18.385 19.416 15.652 
41.881 41.881 44.598 41.012 37.537 35.0 31.906 29.069 26.571 23.537 21.024 20.224 20.248 20.248 21.932 24.207 26.926 29.547 32.894 35.903 26.0 17.088 0.0 25.942 16.492 30.414 21.26 11.662 22.804 11.18 15.264 18.682 34.67 10.44 30.48 
51.43 51.43 20.591 18.028 16.125 16.125 16.155 17.205 19.105 21.095 23.77 27.203 30.806 34.366 38.21 42.107 46.043 50.0 54.009 58.138 50.448 9.22 25.942 0.0 42.154 53.46 9.849 33.541 45.398 18.111 15.033 41.593 9.22 26.077 8.0 
39.623 39.623 59.641 55.803 52.01 48.918 45.277 41.725 38.288 34.205 30.232 27.295 24.698 21.587 20.025 19.235 19.313 19.416 21.213 22.472 10.77 33.526 16.492 42.154 0.0 16.643 36.056 11.662 11.662 25.239 29.411 9.22 50.537 19.105 45.793 
30.806 30.806 67.779 63.695 59.615 55.946 51.894 47.854 43.829 39.357 34.886 30.887 26.926 22.472 18.601 14.866 11.402 7.616 6.083 5.831 6.403 46.011 30.414 53.46 16.643 0.0 45.354 20.025 8.062 35.355 38.833 12.0 60.638 27.459 55.082 
41.593 41.593 23.601 19.849 16.279 13.892 11.402 10.05 10.296 11.402 13.928 17.464 21.213 25.02 29.0 33.015 37.054 41.195 45.277 49.649 43.081 10.198 21.26 9.849 36.056 45.354 0.0 26.0 37.363 10.817 6.708 33.838 15.297 18.028 9.849 
31.78 31.78 49.244 45.277 41.34 38.013 34.205 30.48 26.87 22.672 18.601 15.652 13.342 11.045 11.18 12.728 15.264 18.028 21.587 25.08 17.088 26.0 11.662 33.541 11.662 20.025 26.0 0.0 12.0 15.524 19.313 8.062 41.11 8.062 35.847 
29.017 29.017 60.008 55.946 51.894 48.301 44.294 40.311 36.359 31.906 27.459 23.601 19.849 15.556 12.207 9.487 8.062 7.81 10.296 13.153 7.211 38.0 22.804 45.398 11.662 8.062 37.363 12.0 0.0 27.295 30.806 4.123 52.631 19.416 47.127 
37.537 37.537 34.409 30.61 26.907 24.083 20.809 17.889 15.524 13.0 11.705 12.806 15.0 17.464 20.881 24.515 28.284 32.062 36.014 40.05 32.573 11.705 11.18 18.111 25.239 35.355 10.817 15.524 27.295 0.0 4.243 23.537 25.632 8.0 20.591 
38.013 38.013 30.232 26.401 22.672 19.849 16.643 13.928 12.042 10.44 10.63 13.038 16.155 19.416 23.195 27.074 31.016 35.014 39.051 43.29 36.401 10.63 15.264 15.033 29.411 38.833 6.708 19.313 30.806 4.243 0.0 27.203 21.84 11.402 16.553 
30.414 30.414 56.798 52.773 48.765 45.277 41.34 37.443 33.601 29.206 24.839 21.213 17.804 13.892 11.402 10.05 10.296 11.402 14.318 17.263 9.434 34.015 18.682 41.593 9.22 12.0 33.838 8.062 4.123 23.537 27.203 0.0 49.041 15.811 43.658 
54.406 54.406 11.705 10.0 9.849 12.042 14.422 17.464 20.881 24.331 28.071 32.016 36.0 40.05 44.102 48.166 52.24 56.436 60.531 64.938 58.189 18.385 34.67 9.22 50.537 60.638 15.297 41.11 52.631 25.632 21.84 49.041 0.0 33.242 6.083 
32.016 32.016 41.183 37.216 33.287 30.0 26.249 22.627 19.209 15.264 11.705 10.0 9.849 10.63 13.416 16.763 20.396 24.083 28.018 32.062 25.08 19.416 10.44 26.077 19.105 27.459 18.028 8.062 19.416 8.0 11.402 15.811 33.242 0.0 27.857 
48.384 48.384 14.142 10.817 8.246 8.246 9.22 11.662 14.866 18.248 22.023 26.0 30.017 34.132 38.21 42.297 46.39 50.636 54.745 59.228 52.924 15.652 30.48 8.0 45.793 55.082 9.849 35.847 47.127 20.591 16.553 43.658 6.083 27.857 0.0 
PRIZE_SECTION
1 0
2 0
3 1000
4 1000
5 1000
6 1000
7 1000
8 1000
9 1000
10 1000
11 1000
12 1000
13 1000
14 1000
15 1000
16 1000
17 1000
18 1000
19 1000
20 1000
21 1000
22 1000
23 1000
24 1000
25 1000
26 1000
27 1000
28 1000
29 1000
30 1000
31 1000
32 1000
33 1000
34 1000
35 1000
DEPOT_SECTION
1
2
EOF