EDGE_WEIGHT_TYPE: EXPLICIT
EDGE_WEIGHT_FORMAT: FULL_MATRIX
DIMENSION: 21
VEHICLES: 1
NODE_COORD_SECTION
1 24 53
2 24 53
3 9 42
4 13 45
5 16 48
6 20 51
7 24 54
8 28 57
9 32 59
10 36 61
11 40 63
12 44 66
13 48 68
14 52 70
15 56 73
16 60 75
17 64 78
18 68 80
19 72 83
20 76 85
21 80 88
EDGE_WEIGHT_SECTION
0.0 0.0 18.601 13.601 9.434 4.472 1.0 5.657 10.0 14.422 18.868 23.854 28.302 32.757 37.736 42.19 47.17 51.624 56.604 61.057 66.038 
0.0 0.0 18.601 13.601 9.434 4.472 1.0 5.657 10.0 14.422 18.868 23.854 28.302 32.757 37.736 42.19 47.17 51.624 56.604 61.057 66.038 
18.601 18.601 0.0 5.0 9.22 14.213 19.209 24.207 28.601 33.015 37.443 42.438 46.872 51.313 56.303 60.745 65.734 70.178 75.166 79.612 84.599 
13.601 13.601 5.0 0.0 4.243 9.22 14.213 19.209 23.601 28.018 32.45 37.443 41.881 46.325 51.313 55.758 60.745 65.192 70.178 74.626 79.612 
9.434 9.434 9.22 4.243 0.0 5.0 10.0 15.0 19.416 23.854 28.302 33.287 37.736 42.19 47.17 51.624 56.604 61.057 66.038 70.491 75.472 
4.472 4.472 14.213 9.22 5.0 0.0 5.0 10.0 14.422 18.868 23.324 28.302 32.757 37.216 42.19 46.648 51.624 56.08 61.057 65.513 70.491 
1.0 1.0 19.209 14.213 10.0 5.0 0.0 5.0 9.434 13.892 18.358 23.324 27.785 32.249 37.216 41.677 46.648 51.108 56.08 60.539 65.513 
5.657 5.657 24.207 19.209 15.0 10.0 5.0 0.0 4.472 8.944 13.416 18.358 22.825 27.295 32.249 36.715 41.677 46.141 51.108 55.57 60.539 
10.0 10.0 28.601 23.601 19.416 14.422 9.434 4.472 0.0 4.472 8.944 13.892 18.358 22.825 27.785 32.249 37.216 41.677 46.648 51.108 56.08 
14.422 14.422 33.015 28.018 23.854 18.868 13.892 8.944 4.472 0.0 4.472 9.434 13.892 18.358 23.324 27.785 32.757 37.216 42.19 46.648 51.624 
18.868 18.868 37.443 32.45 28.302 23.324 18.358 13.416 8.944 4.472 0.0 5.0 9.434 13.892 18.868 23.324 28.302 32.757 37.736 42.19 47.17 
23.854 23.854 42.438 37.443 33.287 28.302 23.324 18.358 13.892 9.434 5.0 0.0 4.472 8.944 13.892 18.358 23.324 27.785 32.757 37.216 42.19 
28.302 28.302 46.872 41.881 37.736 32.757 27.785 22.825 18.358 13.892 9.434 4.472 0.0 4.472 9.434 13.892 18.868 23.324 28.302 32.757 37.736 
32.757 32.757 51.313 46.325 42.19 37.216 32.249 27.295 22.825 18.358 13.892 8.944 4.472 0.0 5.0 9.434 14.422 18.868 23.854 28.302 33.287 
37.736 37.736 56.303 51.313 47.17 42.19 37.216 32.249 27.785 23.324 18.868 13.892 9.434 5.0 0.0 4.472 9.434 13.892 18.868 23.324 28.302 
42.19 42.19 60.745 55.758 51.624 46.648 41.677 36.715 32.249 27.785 23.324 18.358 13.892 9.434 4.472 0.0 5.0 9.434 14.422 18.868 23.854 
47.17 47.17 65.734 60.745 56.604 51.624 46.648 41.677 37.216 32.757 28.302 23.324 18.868 14.422 9.434 5.0 0.0 4.472 9.434 13.892 18.868 
51.624 51.624 70.178 65.192 61.057 56.08 51.108 46.141 41.677 37.216 32.757 27.785 23.324 18.868 13.892 9.434 4.472 0.0 5.0 9.434 14.422 
56.604 56.604 75.166 70.178 66.038 61.057 56.08 51.108 46.648 42.19 37.736 32.757 28.302 23.854 18.868 14.422 9.434 5.0 0.0 4.472 9.434 
61.057 61.057 79.612 74.626 70.491 65.513 60.539 55.57 51.108 46.648 42.19 37.216 32.757 28.302 23.324 18.868 13.892 9.434 4.472 0.0 5.0 
66.038 66.038 84.599 79.612 75.472 70.491 65.513 60.539 56.08 51.624 47.17 42.19 37.736 33.287 28.302 23.854 18.868 14.422 9.434 5.0 0.0 
PRIZE_SECTION
1 0
2 0
3 1000
4 1000
5 1000
6 1000
7 1000
8 1000
9 1000
10 1000
11 1000
12 1000
13 1000
14 1000
15 1000
16 1000
17 1000
18 1000
19 1000
20 1000
21 1000
DEPOT_SECTION
1
2
EOF