EDGE_WEIGHT_TYPE: EXPLICIT
EDGE_WEIGHT_FORMAT: FULL_MATRIX
DIMENSION: 191
VEHICLES: 2
NODE_COORD_SECTION
1 24 40
2 25 40
3 24 40
4 25 40
5 0 63
6 3 65
7 6 68
8 8 71
9 11 73
10 0 58
11 4 60
12 7 62
13 9 65
14 11 68
15 14 76
16 14 70
17 16 79
18 13 62
19 15 65
20 17 72
21 18 76
22 0 53
23 4 54
24 18 67
25 20 79
26 2 50
27 87 95
28 89 85
29 86 83
30 86 79
31 89 26
32 85 24
33 85 20
34 84 16
35 83 12
36 82 8
37 81 4
38 80 0
39 50 0
40 17 54
41 18 58
42 19 62
43 21 69
44 22 73
45 23 82
46 23 86
47 15 50
48 13 0
49 11 3
50 9 0
51 0 47
52 4 46
53 76 91
54 76 87
55 75 83
56 76 79
57 76 75
58 77 71
59 77 67
60 77 63
61 77 59
62 76 55
63 76 51
64 76 47
65 76 43
66 76 39
67 76 35
68 75 31
69 75 27
70 75 23
71 74 19
72 74 15
73 73 11
74 72 7
75 71 3
76 56 68
77 57 72
78 57 76
79 58 80
80 58 84
81 58 88
82 63 0
83 62 4
84 61 8
85 60 12
86 59 16
87 59 20
88 58 24
89 58 28
90 57 32
91 57 36
92 56 40
93 56 44
94 56 48
95 56 52
96 56 56
97 56 60
98 39 84
99 39 80
100 40 76
101 41 72
102 41 68
103 42 64
104 42 60
105 41 56
106 41 52
107 41 48
108 41 44
109 41 40
110 41 36
111 40 32
112 40 28
113 39 24
114 38 20
115 38 16
116 37 12
117 36 8
118 35 4
119 35 0
120 25 0
121 24 4
122 23 8
123 23 12
124 22 16
125 22 20
126 21 24
127 21 28
128 20 32
129 19 36
130 19 40
131 20 44
132 20 48
133 21 52
134 22 56
135 23 60
136 23 64
137 25 75
138 25 79
139 26 84
140 26 88
141 0 41
142 2 38
143 2 34
144 1 30
145 0 26
146 84 89
147 76 3
148 11 32
149 81 29
150 87 37
151 84 32
152 11 28
153 81 77
154 81 81
155 48 86
156 48 50
157 87 69
158 78 11
159 10 36
160 4 42
161 80 19
162 88 22
163 79 15
164 80 25
165 48 80
166 50 64
167 10 40
168 13 44
169 48 46
170 48 42
171 48 32
172 48 38
173 49 26
174 48 18
175 55 4
176 53 8
177 56 0
178 48 11
179 77 7
180 16 46
181 49 58
182 10 19
183 14 12
184 48 68
185 48 54
186 19 1
187 42 2
188 48 76
189 49 72
190 18 5
191 45 8
EDGE_WEIGHT_SECTION
0.0 1.0 0.0 1.0 9999999999.0 9999999999.0 9999999999.0 9999999999.0 9999999999.0 9999999999.0 9999999999.0 9999999999.0 9999999999.0 9999999999.0 37.363 31.623 39.812 9999999999.0 9999999999.0 32.757 36.497 9999999999.0 9999999999.0 27.659 39.205 9999999999.0 9999999999.0 9999999999.0 9999999999.0 9999999999.0 66.491 63.063 64.195 64.622 65.307 66.242 67.417 68.819 47.707 15.652 18.974 22.561 29.155 33.061 42.012 46.011 13.454 41.485 39.217 42.72 25.0 9999999999.0 9999999999.0 9999999999.0 9999999999.0 9999999999.0 9999999999.0 61.4 59.481 57.775 56.303 54.12 53.151 52.469 52.086 52.01 52.24 51.788 52.631 53.759 54.231 55.902 56.939 58.249 59.816 9999999999.0 9999999999.0 9999999999.0 9999999999.0 9999999999.0 58.822 55.866 52.345 48.918 45.607 42.438 40.311 37.577 36.056 33.956 33.242 32.0 32.249 32.985 34.176 35.777 9999999999.0 46.487 42.72 39.395 36.235 32.757 30.0 26.907 23.345 20.809 18.788 17.464 17.0 17.464 17.889 20.0 21.932 24.413 27.785 30.871 34.176 37.643 41.485 40.012 36.0 32.016 28.018 24.083 20.1 16.279 12.369 8.944 6.403 5.0 5.657 8.944 12.369 16.125 20.025 24.021 35.014 39.013 44.045 48.042 24.021 22.091 22.804 25.08 27.785 9999999999.0 63.82 15.264 58.052 63.071 60.531 17.692 9999999999.0 9999999999.0 51.884 26.0 69.354 61.294 14.56 20.1 59.808 66.483 60.415 57.974 46.648 35.384 14.0 11.705 24.739 24.083 25.298 24.083 28.653 32.558 47.508 43.186 51.225 37.643 62.434 10.0 30.806 25.239 29.732 36.878 27.785 39.319 42.048 43.267 40.608 35.511 38.275 
1.0 0.0 1.0 0.0 9999999999.0 9999999999.0 9999999999.0 9999999999.0 9999999999.0 9999999999.0 9999999999.0 9999999999.0 9999999999.0 9999999999.0 37.643 31.953 40.025 9999999999.0 9999999999.0 32.985 36.674 9999999999.0 9999999999.0 27.893 39.319 9999999999.0 9999999999.0 9999999999.0 9999999999.0 9999999999.0 65.513 62.097 63.246 63.695 64.405 65.368 66.573 68.007 47.17 16.125 19.313 22.804 29.275 33.136 42.048 46.043 14.142 41.761 39.56 43.081 25.962 9999999999.0 9999999999.0 9999999999.0 9999999999.0 9999999999.0 9999999999.0 60.539 58.592 56.859 55.362 53.16 52.173 51.478 51.088 51.01 51.245 50.804 51.662 52.811 53.31 55.009 56.08 57.428 59.034 9999999999.0 9999999999.0 9999999999.0 9999999999.0 9999999999.0 58.249 55.172 51.624 48.166 44.822 41.617 39.446 36.674 35.114 32.985 32.249 31.0 31.257 32.016 33.242 34.886 9999999999.0 46.174 42.379 39.0 35.777 32.249 29.411 26.249 22.627 20.0 17.889 16.492 16.0 16.492 17.0 19.209 21.26 23.854 27.295 30.463 33.838 37.363 41.231 40.0 36.014 32.062 28.071 24.187 20.224 16.492 12.649 9.434 7.211 6.0 6.403 9.434 12.649 16.279 20.1 24.083 35.0 39.0 44.011 48.01 25.02 23.087 23.77 26.0 28.653 9999999999.0 63.008 16.125 57.07 62.073 59.54 18.439 9999999999.0 9999999999.0 51.43 25.08 68.447 60.415 15.524 21.095 58.873 65.521 59.506 57.009 46.141 34.655 15.0 12.649 23.77 23.087 24.352 23.087 27.785 31.828 46.861 42.521 50.606 37.014 61.587 10.817 30.0 25.807 30.083 36.235 26.926 39.459 41.629 42.72 40.0 35.693 37.736 
0.0 1.0 0.0 1.0 9999999999.0 9999999999.0 9999999999.0 9999999999.0 9999999999.0 9999999999.0 9999999999.0 9999999999.0 9999999999.0 9999999999.0 37.363 31.623 39.812 9999999999.0 9999999999.0 32.757 36.497 9999999999.0 9999999999.0 27.659 39.205 9999999999.0 9999999999.0 9999999999.0 9999999999.0 9999999999.0 66.491 63.063 64.195 64.622 65.307 66.242 67.417 68.819 47.707 15.652 18.974 22.561 29.155 33.061 42.012 46.011 13.454 41.485 39.217 42.72 25.0 9999999999.0 9999999999.0 9999999999.0 9999999999.0 9999999999.0 9999999999.0 61.4 59.481 57.775 56.303 54.12 53.151 52.469 52.086 52.01 52.24 51.788 52.631 53.759 54.231 55.902 56.939 58.249 59.816 9999999999.0 9999999999.0 9999999999.0 9999999999.0 9999999999.0 58.822 55.866 52.345 48.918 45.607 42.438 40.311 37.577 36.056 33.956 33.242 32.0 32.249 32.985 34.176 35.777 9999999999.0 46.487 42.72 39.395 36.235 32.757 30.0 26.907 23.345 20.809 18.788 17.464 17.0 17.464 17.889 20.0 21.932 24.413 27.785 30.871 34.176 37.643 41.485 40.012 36.0 32.016 28.018 24.083 20.1 16.279 12.369 8.944 6.403 5.0 5.657 8.944 12.369 16.125 20.025 24.021 35.014 39.013 44.045 48.042 24.021 22.091 22.804 25.08 27.785 9999999999.0 63.82 15.264 58.052 63.071 60.531 17.692 9999999999.0 9999999999.0 51.884 26.0 69.354 61.294 14.56 20.1 59.808 66.483 60.415 57.974 46.648 35.384 14.0 11.705 24.739 24.083 25.298 24.083 28.653 32.558 47.508 43.186 51.225 37.643 62.434 10.0 30.806 25.239 29.732 36.878 27.785 39.319 42.048 43.267 40.608 35.511 38.275 
1.0 0.0 1.0 0.0 9999999999.0 9999999999.0 9999999999.0 9999999999.0 9999999999.0 9999999999.0 9999999999.0 9999999999.0 9999999999.0 9999999999.0 37.643 31.953 40.025 9999999999.0 9999999999.0 32.985 36.674 9999999999.0 9999999999.0 27.893 39.319 9999999999.0 9999999999.0 9999999999.0 9999999999.0 9999999999.0 65.513 62.097 63.246 63.695 64.405 65.368 66.573 68.007 47.17 16.125 19.313 22.804 29.275 33.136 42.048 46.043 14.142 41.761 39.56 43.081 25.962 9999999999.0 9999999999.0 9999999999.0 9999999999.0 9999999999.0 9999999999.0 60.539 58.592 56.859 55.362 53.16 52.173 51.478 51.088 51.01 51.245 50.804 51.662 52.811 53.31 55.009 56.08 57.428 59.034 9999999999.0 9999999999.0 9999999999.0 9999999999.0 9999999999.0 58.249 55.172 51.624 48.166 44.822 41.617 39.446 36.674 35.114 32.985 32.249 31.0 31.257 32.016 33.242 34.886 9999999999.0 46.174 42.379 39.0 35.777 32.249 29.411 26.249 22.627 20.0 17.889 16.492 16.0 16.492 17.0 19.209 21.26 23.854 27.295 30.463 33.838 37.363 41.231 40.0 36.014 32.062 28.071 24.187 20.224 16.492 12.649 9.434 7.211 6.0 6.403 9.434 12.649 16.279 20.1 24.083 35.0 39.0 44.011 48.01 25.02 23.087 23.77 26.0 28.653 9999999999.0 63.008 16.125 57.07 62.073 59.54 18.439 9999999999.0 9999999999.0 51.43 25.08 68.447 60.415 15.524 21.095 58.873 65.521 59.506 57.009 46.141 34.655 15.0 12.649 23.77 23.087 24.352 23.087 27.785 31.828 46.861 42.521 50.606 37.014 61.587 10.817 30.0 25.807 30.083 36.235 26.926 39.459 41.629 42.72 40.0 35.693 37.736 
9999999999.0 9999999999.0 9999999999.0 9999999999.0 0.0 3.606 7.81 11.314 14.866 5.0 5.0 7.071 9.22 12.083 19.105 15.652 22.627 13.038 15.133 19.235 22.204 10.0 9.849 18.439 25.612 13.153 9999999999.0 9999999999.0 9999999999.0 9999999999.0 9999999999.0 9999999999.0 9999999999.0 9999999999.0 9999999999.0 9999999999.0 9999999999.0 9999999999.0 9999999999.0 9999999999.0 9999999999.0 19.026 21.84 24.166 29.833 9999999999.0 9999999999.0 64.327 61.0 63.64 16.0 17.464 80.994 9999999999.0 9999999999.0 9999999999.0 9999999999.0 9999999999.0 9999999999.0 9999999999.0 9999999999.0 9999999999.0 9999999999.0 9999999999.0 9999999999.0 9999999999.0 9999999999.0 9999999999.0 9999999999.0 9999999999.0 9999999999.0 9999999999.0 9999999999.0 9999999999.0 9999999999.0 9999999999.0 9999999999.0 9999999999.0 9999999999.0 61.685 63.159 9999999999.0 9999999999.0 9999999999.0 9999999999.0 9999999999.0 9999999999.0 9999999999.0 9999999999.0 9999999999.0 9999999999.0 9999999999.0 9999999999.0 9999999999.0 9999999999.0 9999999999.0 9999999999.0 44.294 42.544 42.059 41.976 41.304 42.012 42.107 9999999999.0 9999999999.0 9999999999.0 9999999999.0 9999999999.0 9999999999.0 9999999999.0 9999999999.0 9999999999.0 9999999999.0 9999999999.0 9999999999.0 9999999999.0 9999999999.0 9999999999.0 9999999999.0 9999999999.0 9999999999.0 9999999999.0 9999999999.0 9999999999.0 9999999999.0 9999999999.0 9999999999.0 9999999999.0 9999999999.0 9999999999.0 9999999999.0 9999999999.0 9999999999.0 9999999999.0 23.022 27.731 29.682 33.422 9999999999.0 22.0 25.08 29.069 33.015 37.0 9999999999.0 9999999999.0 9999999999.0 9999999999.0 9999999999.0 9999999999.0 9999999999.0 9999999999.0 9999999999.0 9999999999.0 9999999999.0 9999999999.0 9999999999.0 9999999999.0 21.378 9999999999.0 9999999999.0 9999999999.0 9999999999.0 50.922 50.01 9999999999.0 9999999999.0 9999999999.0 9999999999.0 9999999999.0 9999999999.0 9999999999.0 9999999999.0 9999999999.0 9999999999.0 9999999999.0 9999999999.0 9999999999.0 9999999999.0 9999999999.0 45.122 9999999999.0 48.26 9999999999.0 9999999999.0 9999999999.0 49.729 49.82 9999999999.0 9999999999.0 
9999999999.0 9999999999.0 9999999999.0 9999999999.0 3.606 0.0 4.243 7.81 11.314 7.616 5.099 5.0 6.0 8.544 15.556 12.083 19.105 10.44 12.0 15.652 18.601 12.369 11.045 15.133 22.023 15.033 9999999999.0 9999999999.0 9999999999.0 9999999999.0 9999999999.0 9999999999.0 9999999999.0 9999999999.0 9999999999.0 9999999999.0 9999999999.0 9999999999.0 9999999999.0 9999999999.0 9999999999.0 16.279 18.439 20.616 26.249 9999999999.0 9999999999.0 9999999999.0 9999999999.0 9999999999.0 18.248 19.026 77.492 76.243 9999999999.0 9999999999.0 9999999999.0 9999999999.0 9999999999.0 9999999999.0 9999999999.0 73.682 74.33 75.186 9999999999.0 9999999999.0 9999999999.0 9999999999.0 9999999999.0 9999999999.0 9999999999.0 9999999999.0 9999999999.0 9999999999.0 9999999999.0 9999999999.0 9999999999.0 9999999999.0 9999999999.0 58.189 59.615 9999999999.0 9999999999.0 9999999999.0 9999999999.0 9999999999.0 9999999999.0 9999999999.0 9999999999.0 9999999999.0 9999999999.0 9999999999.0 9999999999.0 9999999999.0 54.571 53.759 9999999999.0 40.706 39.0 38.601 38.639 38.118 39.013 39.319 39.051 9999999999.0 9999999999.0 9999999999.0 9999999999.0 9999999999.0 9999999999.0 9999999999.0 9999999999.0 9999999999.0 9999999999.0 9999999999.0 9999999999.0 9999999999.0 9999999999.0 9999999999.0 9999999999.0 9999999999.0 9999999999.0 9999999999.0 9999999999.0 9999999999.0 9999999999.0 9999999999.0 9999999999.0 9999999999.0 9999999999.0 9999999999.0 9999999999.0 9999999999.0 20.616 20.025 24.166 26.077 29.833 32.527 24.187 27.019 31.016 35.057 39.115 9999999999.0 9999999999.0 9999999999.0 9999999999.0 9999999999.0 9999999999.0 9999999999.0 9999999999.0 9999999999.0 9999999999.0 9999999999.0 9999999999.0 9999999999.0 9999999999.0 23.022 9999999999.0 9999999999.0 9999999999.0 9999999999.0 47.434 47.011 9999999999.0 9999999999.0 9999999999.0 9999999999.0 9999999999.0 9999999999.0 9999999999.0 9999999999.0 9999999999.0 9999999999.0 9999999999.0 9999999999.0 9999999999.0 9999999999.0 46.53 9999999999.0 9999999999.0 45.1 46.325 9999999999.0 9999999999.0 46.325 46.53 9999999999.0 9999999999.0 
9999999999.0 9999999999.0 9999999999.0 9999999999.0 7.81 4.243 0.0 3.606 7.071 11.662 8.246 6.083 4.243 5.0 11.314 8.246 14.866 9.22 9.487 11.705 14.422 16.155 9999999999.0 12.042 17.804 18.439 9999999999.0 9999999999.0 9999999999.0 9999999999.0 93.022 90.427 9999999999.0 9999999999.0 9999999999.0 9999999999.0 9999999999.0 9999999999.0 9999999999.0 9999999999.0 9999999999.0 14.318 15.033 16.763 22.023 9999999999.0 9999999999.0 9999999999.0 9999999999.0 9999999999.0 21.84 9999999999.0 73.682 72.533 9999999999.0 9999999999.0 9999999999.0 9999999999.0 9999999999.0 9999999999.0 9999999999.0 71.197 72.035 73.082 74.33 75.769 77.389 78.294 80.262 9999999999.0 9999999999.0 9999999999.0 9999999999.0 9999999999.0 9999999999.0 9999999999.0 9999999999.0 9999999999.0 9999999999.0 54.406 55.714 9999999999.0 9999999999.0 9999999999.0 9999999999.0 9999999999.0 9999999999.0 9999999999.0 9999999999.0 9999999999.0 9999999999.0 57.306 55.462 53.852 52.498 51.42 9999999999.0 36.674 35.114 34.928 35.228 35.0 36.222 36.878 37.0 38.484 40.311 9999999999.0 9999999999.0 9999999999.0 9999999999.0 9999999999.0 9999999999.0 9999999999.0 9999999999.0 9999999999.0 9999999999.0 9999999999.0 9999999999.0 9999999999.0 9999999999.0 9999999999.0 9999999999.0 9999999999.0 9999999999.0 9999999999.0 9999999999.0 9999999999.0 9999999999.0 9999999999.0 9999999999.0 9999999999.0 9999999999.0 9999999999.0 18.788 17.464 20.248 21.954 25.612 28.284 27.659 9999999999.0 9999999999.0 9999999999.0 9999999999.0 80.777 9999999999.0 9999999999.0 84.534 86.729 85.907 9999999999.0 9999999999.0 9999999999.0 9999999999.0 45.695 9999999999.0 9999999999.0 9999999999.0 9999999999.0 9999999999.0 94.021 9999999999.0 85.586 43.681 44.181 9999999999.0 9999999999.0 47.413 9999999999.0 9999999999.0 9999999999.0 9999999999.0 9999999999.0 9999999999.0 9999999999.0 9999999999.0 9999999999.0 9999999999.0 9999999999.0 44.147 9999999999.0 9999999999.0 42.0 44.272 9999999999.0 9999999999.0 42.755 43.186 9999999999.0 9999999999.0 
9999999999.0 9999999999.0 9999999999.0 9999999999.0 11.314 7.81 3.606 0.0 3.606 15.264 11.705 9.055 6.083 4.243 7.81 6.083 11.314 10.296 9.22 9.055 11.18 19.698 9999999999.0 10.77 14.422 9999999999.0 9999999999.0 9999999999.0 9999999999.0 9999999999.0 92.661 90.211 92.358 93.814 95.425 97.185 99.086 101.119 9999999999.0 9999999999.0 9999999999.0 14.213 13.153 14.142 18.601 9999999999.0 9999999999.0 9999999999.0 9999999999.0 9999999999.0 25.298 9999999999.0 70.88 69.857 9999999999.0 9999999999.0 9999999999.0 9999999999.0 9999999999.0 9999999999.0 9999999999.0 9999999999.0 70.88 72.111 73.539 75.153 76.942 78.032 80.156 82.42 84.024 86.556 88.459 90.51 92.698 9999999999.0 9999999999.0 9999999999.0 9999999999.0 51.662 52.811 9999999999.0 9999999999.0 9999999999.0 9999999999.0 75.007 72.125 68.622 65.947 62.626 60.216 57.14 55.073 53.226 51.624 50.289 9999999999.0 33.615 32.28 32.388 33.015 33.136 34.713 35.735 36.249 38.079 40.224 42.638 45.277 48.104 9999999999.0 9999999999.0 9999999999.0 9999999999.0 9999999999.0 9999999999.0 9999999999.0 9999999999.0 9999999999.0 9999999999.0 9999999999.0 9999999999.0 9999999999.0 9999999999.0 9999999999.0 9999999999.0 9999999999.0 9999999999.0 9999999999.0 9999999999.0 9999999999.0 9999999999.0 9999999999.0 20.518 18.601 16.553 17.464 18.788 22.204 9999999999.0 9999999999.0 9999999999.0 9999999999.0 9999999999.0 9999999999.0 78.102 96.167 9999999999.0 84.22 86.006 85.422 9999999999.0 9999999999.0 9999999999.0 9999999999.0 45.177 9999999999.0 92.195 9999999999.0 9999999999.0 88.814 93.814 90.427 85.44 41.0 42.579 9999999999.0 9999999999.0 47.17 49.406 55.866 51.856 60.877 9999999999.0 9999999999.0 9999999999.0 9999999999.0 9999999999.0 94.112 9999999999.0 43.012 9999999999.0 9999999999.0 40.112 43.463 9999999999.0 9999999999.0 40.311 41.012 9999999999.0 9999999999.0 
9999999999.0 9999999999.0 9999999999.0 9999999999.0 14.866 11.314 7.071 3.606 0.0 18.601 14.765 11.705 8.246 5.0 4.243 4.243 7.81 11.18 8.944 6.083 7.616 22.825 9999999999.0 9.22 10.817 9999999999.0 9999999999.0 9999999999.0 9999999999.0 9999999999.0 91.066 88.752 91.022 92.617 94.366 96.26 98.29 100.449 82.765 9999999999.0 9999999999.0 13.601 10.77 11.0 15.0 9999999999.0 9999999999.0 9999999999.0 9999999999.0 9999999999.0 9999999999.0 9999999999.0 67.446 66.491 9999999999.0 9999999999.0 9999999999.0 9999999999.0 9999999999.0 9999999999.0 9999999999.0 9999999999.0 68.622 70.007 71.589 73.355 75.293 76.551 78.816 81.216 82.976 85.633 87.681 89.872 92.195 9999999999.0 9999999999.0 9999999999.0 9999999999.0 48.27 49.336 89.627 85.802 82.006 78.243 74.518 71.505 67.897 65.069 61.62 59.034 55.803 53.535 51.478 49.659 48.104 9999999999.0 30.083 28.862 29.155 30.017 30.414 32.28 33.615 34.482 36.62 39.051 41.725 44.598 47.634 50.22 53.535 56.436 59.481 9999999999.0 9999999999.0 9999999999.0 9999999999.0 9999999999.0 9999999999.0 9999999999.0 9999999999.0 9999999999.0 9999999999.0 9999999999.0 9999999999.0 9999999999.0 9999999999.0 9999999999.0 9999999999.0 9999999999.0 9999999999.0 9999999999.0 20.248 17.692 15.0 14.142 15.232 18.601 21.213 9999999999.0 9999999999.0 9999999999.0 9999999999.0 9999999999.0 74.733 95.525 9999999999.0 82.68 84.095 83.726 9999999999.0 9999999999.0 9999999999.0 9999999999.0 43.566 9999999999.0 91.285 9999999999.0 9999999999.0 87.618 92.358 89.376 84.054 37.656 40.025 9999999999.0 9999999999.0 45.804 48.27 55.227 50.931 60.44 66.287 81.835 77.389 85.755 72.201 93.338 9999999999.0 40.853 9999999999.0 9999999999.0 37.336 41.593 9999999999.0 9999999999.0 37.121 38.013 9999999999.0 73.355 
9999999999.0 9999999999.0 9999999999.0 9999999999.0 5.0 7.616 11.662 15.264 18.601 0.0 4.472 8.062 11.402 14.866 22.804 18.439 26.401 9999999999.0 9999999999.0 22.023 25.456 5.0 5.657 20.125 29.0 8.246 9999999999.0 9999999999.0 9999999999.0 9999999999.0 9999999999.0 9999999999.0 9999999999.0 9999999999.0 9999999999.0 9999999999.0 9999999999.0 9999999999.0 9999999999.0 9999999999.0 9999999999.0 9999999999.0 23.707 26.627 33.242 9999999999.0 9999999999.0 59.439 56.089 58.694 11.0 12.649 9999999999.0 9999999999.0 9999999999.0 9999999999.0 9999999999.0 9999999999.0 9999999999.0 9999999999.0 9999999999.0 9999999999.0 9999999999.0 9999999999.0 9999999999.0 9999999999.0 9999999999.0 9999999999.0 9999999999.0 9999999999.0 9999999999.0 9999999999.0 9999999999.0 9999999999.0 9999999999.0 9999999999.0 9999999999.0 9999999999.0 9999999999.0 9999999999.0 65.299 9999999999.0 9999999999.0 9999999999.0 9999999999.0 9999999999.0 9999999999.0 9999999999.0 9999999999.0 9999999999.0 9999999999.0 9999999999.0 9999999999.0 9999999999.0 9999999999.0 9999999999.0 9999999999.0 46.872 44.777 9999999999.0 9999999999.0 9999999999.0 9999999999.0 9999999999.0 9999999999.0 9999999999.0 9999999999.0 9999999999.0 9999999999.0 9999999999.0 9999999999.0 9999999999.0 9999999999.0 9999999999.0 9999999999.0 9999999999.0 9999999999.0 9999999999.0 9999999999.0 9999999999.0 9999999999.0 9999999999.0 9999999999.0 9999999999.0 9999999999.0 9999999999.0 9999999999.0 9999999999.0 9999999999.0 9999999999.0 9999999999.0 9999999999.0 9999999999.0 9999999999.0 9999999999.0 9999999999.0 30.232 32.65 36.77 39.699 17.0 20.1 24.083 28.018 32.0 9999999999.0 9999999999.0 9999999999.0 9999999999.0 9999999999.0 9999999999.0 31.953 9999999999.0 9999999999.0 9999999999.0 9999999999.0 9999999999.0 9999999999.0 9999999999.0 16.492 9999999999.0 9999999999.0 9999999999.0 9999999999.0 9999999999.0 9999999999.0 9999999999.0 9999999999.0 9999999999.0 9999999999.0 9999999999.0 9999999999.0 9999999999.0 9999999999.0 9999999999.0 9999999999.0 9999999999.0 9999999999.0 9999999999.0 9999999999.0 9999999999.0 40.262 48.083 9999999999.0 9999999999.0 60.083 9999999999.0 9999999999.0 9999999999.0 55.973 9999999999.0 
9999999999.0 9999999999.0 9999999999.0 9999999999.0 5.0 5.099 8.246 11.705 14.765 4.472 0.0 3.606 7.071 10.63 18.868 14.142 22.472 9999999999.0 12.083 17.692 21.26 8.062 6.0 15.652 24.839 10.198 9999999999.0 9999999999.0 9999999999.0 9999999999.0 9999999999.0 9999999999.0 9999999999.0 9999999999.0 9999999999.0 9999999999.0 9999999999.0 9999999999.0 9999999999.0 9999999999.0 9999999999.0 9999999999.0 19.235 22.204 29.069 32.202 9999999999.0 9999999999.0 9999999999.0 9999999999.0 13.601 14.0 9999999999.0 9999999999.0 9999999999.0 9999999999.0 9999999999.0 9999999999.0 9999999999.0 9999999999.0 9999999999.0 9999999999.0 9999999999.0 9999999999.0 9999999999.0 9999999999.0 9999999999.0 9999999999.0 9999999999.0 9999999999.0 9999999999.0 9999999999.0 9999999999.0 9999999999.0 9999999999.0 9999999999.0 9999999999.0 9999999999.0 9999999999.0 59.093 60.828 9999999999.0 9999999999.0 9999999999.0 9999999999.0 9999999999.0 9999999999.0 9999999999.0 9999999999.0 9999999999.0 9999999999.0 9999999999.0 9999999999.0 9999999999.0 9999999999.0 9999999999.0 9999999999.0 42.438 40.311 39.395 9999999999.0 9999999999.0 9999999999.0 9999999999.0 9999999999.0 9999999999.0 9999999999.0 9999999999.0 9999999999.0 9999999999.0 9999999999.0 9999999999.0 9999999999.0 9999999999.0 9999999999.0 9999999999.0 9999999999.0 9999999999.0 9999999999.0 9999999999.0 9999999999.0 9999999999.0 9999999999.0 9999999999.0 9999999999.0 9999999999.0 9999999999.0 9999999999.0 9999999999.0 9999999999.0 9999999999.0 9999999999.0 9999999999.0 9999999999.0 9999999999.0 9999999999.0 25.807 28.32 32.558 35.609 19.416 22.091 26.077 30.15 34.234 9999999999.0 9999999999.0 9999999999.0 9999999999.0 9999999999.0 9999999999.0 9999999999.0 9999999999.0 9999999999.0 9999999999.0 9999999999.0 9999999999.0 9999999999.0 9999999999.0 18.0 9999999999.0 9999999999.0 9999999999.0 9999999999.0 48.332 9999999999.0 9999999999.0 9999999999.0 9999999999.0 9999999999.0 9999999999.0 9999999999.0 9999999999.0 9999999999.0 9999999999.0 9999999999.0 9999999999.0 9999999999.0 9999999999.0 9999999999.0 9999999999.0 9999999999.0 9999999999.0 9999999999.0 9999999999.0 9999999999.0 9999999999.0 9999999999.0 9999999999.0 9999999999.0 9999999999.0 
9999999999.0 9999999999.0 9999999999.0 9999999999.0 7.071 5.0 6.083 9.055 11.705 8.062 3.606 0.0 3.606 7.211 15.652 10.63 19.235 6.0 8.544 14.142 17.804 9999999999.0 9999999999.0 12.083 21.401 9999999999.0 9999999999.0 9999999999.0 9999999999.0 9999999999.0 9999999999.0 9999999999.0 9999999999.0 9999999999.0 9999999999.0 9999999999.0 9999999999.0 9999999999.0 9999999999.0 9999999999.0 9999999999.0 12.0 15.652 18.601 25.612 28.844 9999999999.0 9999999999.0 9999999999.0 9999999999.0 9999999999.0 9999999999.0 74.847 9999999999.0 9999999999.0 9999999999.0 9999999999.0 9999999999.0 9999999999.0 9999999999.0 9999999999.0 9999999999.0 9999999999.0 9999999999.0 9999999999.0 9999999999.0 9999999999.0 9999999999.0 9999999999.0 9999999999.0 9999999999.0 9999999999.0 9999999999.0 9999999999.0 9999999999.0 9999999999.0 9999999999.0 9999999999.0 9999999999.0 55.543 57.245 9999999999.0 9999999999.0 9999999999.0 9999999999.0 9999999999.0 9999999999.0 9999999999.0 9999999999.0 9999999999.0 9999999999.0 9999999999.0 9999999999.0 9999999999.0 9999999999.0 9999999999.0 9999999999.0 38.833 36.715 35.847 35.44 34.525 35.057 9999999999.0 9999999999.0 9999999999.0 9999999999.0 9999999999.0 9999999999.0 9999999999.0 9999999999.0 9999999999.0 9999999999.0 9999999999.0 9999999999.0 9999999999.0 9999999999.0 9999999999.0 9999999999.0 9999999999.0 9999999999.0 9999999999.0 9999999999.0 9999999999.0 9999999999.0 9999999999.0 9999999999.0 9999999999.0 9999999999.0 9999999999.0 9999999999.0 9999999999.0 9999999999.0 9999999999.0 9999999999.0 16.125 22.204 24.759 29.069 32.202 9999999999.0 9999999999.0 9999999999.0 9999999999.0 9999999999.0 9999999999.0 9999999999.0 9999999999.0 9999999999.0 9999999999.0 9999999999.0 9999999999.0 9999999999.0 9999999999.0 9999999999.0 9999999999.0 9999999999.0 9999999999.0 9999999999.0 9999999999.0 9999999999.0 9999999999.0 9999999999.0 9999999999.0 44.777 43.046 9999999999.0 9999999999.0 9999999999.0 9999999999.0 9999999999.0 9999999999.0 9999999999.0 9999999999.0 9999999999.0 9999999999.0 9999999999.0 9999999999.0 9999999999.0 9999999999.0 9999999999.0 9999999999.0 9999999999.0 41.437 9999999999.0 9999999999.0 9999999999.0 43.324 43.174 9999999999.0 9999999999.0 
9999999999.0 9999999999.0 9999999999.0 9999999999.0 9.22 6.0 4.243 6.083 8.246 11.402 7.071 3.606 0.0 3.606 12.083 7.071 15.652 5.0 6.0 10.63 14.213 15.0 9999999999.0 9.22 17.804 9999999999.0 9999999999.0 9999999999.0 9999999999.0 9999999999.0 9999999999.0 9999999999.0 9999999999.0 9999999999.0 9999999999.0 9999999999.0 9999999999.0 9999999999.0 9999999999.0 9999999999.0 9999999999.0 10.44 12.649 15.264 22.023 25.239 9999999999.0 9999999999.0 9999999999.0 9999999999.0 9999999999.0 9999999999.0 71.868 9999999999.0 9999999999.0 9999999999.0 9999999999.0 9999999999.0 9999999999.0 9999999999.0 9999999999.0 67.742 68.447 69.376 70.52 71.868 9999999999.0 9999999999.0 9999999999.0 9999999999.0 9999999999.0 9999999999.0 9999999999.0 9999999999.0 9999999999.0 9999999999.0 9999999999.0 9999999999.0 9999999999.0 52.555 54.129 9999999999.0 9999999999.0 9999999999.0 9999999999.0 9999999999.0 9999999999.0 9999999999.0 9999999999.0 9999999999.0 9999999999.0 9999999999.0 9999999999.0 49.98 48.765 47.854 9999999999.0 35.511 33.541 32.894 32.757 32.14 33.015 33.377 33.242 34.54 9999999999.0 9999999999.0 9999999999.0 9999999999.0 9999999999.0 9999999999.0 9999999999.0 9999999999.0 9999999999.0 9999999999.0 9999999999.0 9999999999.0 9999999999.0 9999999999.0 9999999999.0 9999999999.0 9999999999.0 9999999999.0 9999999999.0 9999999999.0 9999999999.0 9999999999.0 9999999999.0 9999999999.0 9999999999.0 9999999999.0 9999999999.0 9999999999.0 14.866 14.036 18.868 21.26 25.495 28.601 9999999999.0 9999999999.0 9999999999.0 9999999999.0 9999999999.0 9999999999.0 9999999999.0 9999999999.0 9999999999.0 82.873 81.939 9999999999.0 9999999999.0 9999999999.0 9999999999.0 41.785 9999999999.0 9999999999.0 9999999999.0 9999999999.0 9999999999.0 9999999999.0 9999999999.0 9999999999.0 41.785 41.012 9999999999.0 9999999999.0 9999999999.0 9999999999.0 9999999999.0 9999999999.0 9999999999.0 9999999999.0 9999999999.0 9999999999.0 9999999999.0 9999999999.0 9999999999.0 9999999999.0 40.608 9999999999.0 9999999999.0 39.115 40.522 9999999999.0 9999999999.0 40.522 40.608 9999999999.0 9999999999.0 
9999999999.0 9999999999.0 9999999999.0 9999999999.0 12.083 8.544 5.0 4.243 5.0 14.866 10.63 7.211 3.606 0.0 8.544 3.606 12.083 6.325 5.0 7.211 10.63 18.601 9999999999.0 7.071 14.213 9999999999.0 9999999999.0 9999999999.0 9999999999.0 9999999999.0 88.589 86.093 88.204 89.627 91.214 92.957 94.847 96.876 9999999999.0 9999999999.0 9999999999.0 10.0 10.05 12.083 18.439 21.633 9999999999.0 9999999999.0 9999999999.0 9999999999.0 9999999999.0 9999999999.0 68.949 67.72 9999999999.0 9999999999.0 9999999999.0 9999999999.0 9999999999.0 9999999999.0 9999999999.0 66.287 67.186 68.308 69.642 71.176 72.897 73.926 76.007 78.237 79.812 82.329 84.22 86.267 88.459 9999999999.0 9999999999.0 9999999999.0 9999999999.0 49.649 51.078 9999999999.0 9999999999.0 9999999999.0 74.411 70.767 67.882 64.382 61.717 58.412 56.036 53.0 51.0 49.244 47.76 46.573 9999999999.0 32.249 30.463 30.083 30.265 30.0 31.257 32.016 32.311 34.0 36.056 38.419 41.037 43.863 9999999999.0 9999999999.0 9999999999.0 9999999999.0 9999999999.0 9999999999.0 9999999999.0 9999999999.0 9999999999.0 9999999999.0 9999999999.0 9999999999.0 9999999999.0 9999999999.0 9999999999.0 9999999999.0 9999999999.0 9999999999.0 9999999999.0 9999999999.0 9999999999.0 9999999999.0 9999999999.0 16.279 14.422 12.649 15.652 17.804 21.932 25.0 9999999999.0 9999999999.0 9999999999.0 9999999999.0 9999999999.0 75.961 91.924 9999999999.0 80.131 82.079 81.394 9999999999.0 9999999999.0 9999999999.0 9999999999.0 41.146 9999999999.0 87.966 9999999999.0 9999999999.0 84.629 89.694 86.215 81.302 38.897 39.205 9999999999.0 9999999999.0 43.046 45.222 51.624 47.634 56.639 9999999999.0 9999999999.0 9999999999.0 9999999999.0 9999999999.0 89.872 9999999999.0 39.294 9999999999.0 9999999999.0 37.0 39.56 9999999999.0 9999999999.0 37.855 38.21 9999999999.0 9999999999.0 
37.363 37.643 37.363 37.643 19.105 15.556 11.314 7.81 4.243 22.804 18.868 15.652 12.083 8.544 0.0 6.0 3.606 14.036 11.045 5.0 4.0 26.926 9999999999.0 9.849 6.708 9999999999.0 9999999999.0 75.538 9999999999.0 9999999999.0 90.139 88.006 90.427 92.195 94.112 96.167 98.351 100.658 84.095 9999999999.0 18.439 14.866 9.899 8.544 10.817 9999999999.0 9999999999.0 9999999999.0 9999999999.0 9999999999.0 9999999999.0 9999999999.0 63.789 62.968 61.4 9999999999.0 9999999999.0 9999999999.0 9999999999.0 9999999999.0 9999999999.0 9999999999.0 66.851 68.447 70.235 72.201 74.33 75.802 78.243 80.808 82.759 85.563 87.784 90.139 92.617 9999999999.0 9999999999.0 9999999999.0 9999999999.0 44.721 45.607 90.427 86.533 82.662 78.816 75.0 71.84 68.118 65.115 61.522 58.728 55.317 52.802 50.478 48.374 46.519 9999999999.0 26.249 25.318 26.0 27.295 28.16 30.463 32.249 33.601 36.125 38.897 41.869 45.0 48.26 51.108 54.589 57.697 60.926 64.622 68.007 71.47 75.0 78.848 9999999999.0 9999999999.0 9999999999.0 9999999999.0 9999999999.0 9999999999.0 9999999999.0 9999999999.0 9999999999.0 9999999999.0 9999999999.0 32.558 28.636 25.0 21.541 18.358 15.0 11.045 11.402 14.422 16.971 9999999999.0 9999999999.0 9999999999.0 9999999999.0 9999999999.0 71.197 95.776 9999999999.0 81.841 82.765 82.68 9999999999.0 9999999999.0 9999999999.0 9999999999.0 42.802 9999999999.0 91.22 9999999999.0 9999999999.0 87.207 91.608 89.14 83.409 34.234 37.947 9999999999.0 9999999999.0 45.343 48.083 55.606 50.99 61.033 67.231 82.855 78.39 86.833 73.355 93.434 9999999999.0 39.357 9999999999.0 9999999999.0 34.928 40.497 9999999999.0 79.12 34.0 35.228 9999999999.0 74.733 
31.623 31.953 31.623 31.953 15.652 12.083 8.246 6.083 4.243 18.439 14.142 10.63 7.071 3.606 6.0 0.0 9.22 8.062 5.099 3.606 7.211 9999999999.0 9999999999.0 5.0 10.817 9999999999.0 9999999999.0 9999999999.0 9999999999.0 9999999999.0 86.954 84.599 86.839 88.408 90.139 92.022 94.048 96.208 78.715 9999999999.0 12.649 9.434 7.071 8.544 15.0 18.358 9999999999.0 9999999999.0 9999999999.0 9999999999.0 9999999999.0 9999999999.0 65.46 64.288 9999999999.0 9999999999.0 9999999999.0 9999999999.0 9999999999.0 9999999999.0 9999999999.0 9999999999.0 64.846 66.129 67.624 69.318 71.197 72.402 74.632 77.006 78.746 81.394 83.439 85.633 87.966 9999999999.0 9999999999.0 9999999999.0 9999999999.0 46.174 47.539 85.446 81.609 77.801 74.027 70.292 67.268 63.655 60.828 57.385 54.818 51.614 49.396 47.413 45.695 44.272 9999999999.0 28.653 26.926 26.683 27.074 27.074 28.636 29.732 30.414 32.45 34.828 37.483 40.361 43.417 46.043 49.396 52.355 55.462 59.093 62.394 65.788 69.26 73.082 9999999999.0 9999999999.0 9999999999.0 9999999999.0 9999999999.0 9999999999.0 9999999999.0 9999999999.0 9999999999.0 9999999999.0 9999999999.0 9999999999.0 9999999999.0 19.313 16.125 13.454 10.817 12.083 14.213 18.439 21.633 9999999999.0 9999999999.0 9999999999.0 9999999999.0 9999999999.0 72.533 91.285 9999999999.0 78.549 80.112 79.649 9999999999.0 9999999999.0 9999999999.0 9999999999.0 39.446 9999999999.0 87.046 9999999999.0 9999999999.0 83.409 88.204 85.147 79.881 35.44 36.497 9999999999.0 9999999999.0 41.617 44.045 50.99 46.69 56.223 62.129 77.698 73.246 81.633 68.096 89.095 9999999999.0 37.0 9999999999.0 9999999999.0 34.059 37.577 9999999999.0 73.539 34.525 35.057 9999999999.0 69.318 
39.812 40.025 39.812 40.025 22.627 19.105 14.866 11.314 7.81 26.401 22.472 19.235 15.652 12.083 3.606 9.22 0.0 17.263 14.036 7.071 3.606 30.529 9999999999.0 12.166 4.0 9999999999.0 9999999999.0 73.246 70.114 9999999999.0 90.211 88.238 90.785 92.698 94.752 96.938 99.247 101.671 86.006 25.02 21.095 17.263 11.18 8.485 7.616 9999999999.0 9999999999.0 9999999999.0 9999999999.0 9999999999.0 9999999999.0 9999999999.0 9999999999.0 60.531 59.135 9999999999.0 9999999999.0 9999999999.0 9999999999.0 9999999999.0 9999999999.0 9999999999.0 9999999999.0 68.0 69.971 72.111 74.404 76.059 78.645 81.345 83.451 86.371 88.73 91.214 93.814 9999999999.0 9999999999.0 9999999999.0 9999999999.0 42.297 9999999999.0 91.924 87.983 84.06 80.156 76.276 73.007 69.203 66.068 62.37 59.414 55.866 53.151 50.606 48.26 46.141 9999999999.0 23.537 23.022 24.187 25.962 27.313 30.017 32.202 33.971 36.797 39.825 43.012 46.325 49.739 52.773 56.365 59.615 62.968 66.731 70.214 73.763 77.369 81.253 79.511 75.425 71.344 67.365 63.285 59.304 55.227 51.245 47.17 43.105 39.115 35.228 31.257 27.459 23.77 20.248 16.553 9.849 9.0 11.18 9999999999.0 9999999999.0 9999999999.0 9999999999.0 9999999999.0 9999999999.0 68.731 96.83 9999999999.0 82.006 82.492 82.662 9999999999.0 9999999999.0 9999999999.0 9999999999.0 43.186 9999999999.0 92.022 9999999999.0 9999999999.0 87.727 91.831 89.805 83.738 32.016 37.162 9999999999.0 9999999999.0 45.967 48.918 56.859 52.01 62.434 68.884 84.534 80.062 88.549 75.153 94.366 9999999999.0 39.115 9999999999.0 9999999999.0 33.838 40.608 78.058 81.271 32.14 33.734 9999999999.0 76.694 
9999999999.0 9999999999.0 9999999999.0 9999999999.0 13.038 10.44 9.22 10.296 11.18 9999999999.0 9999999999.0 6.0 5.0 6.325 14.036 8.062 17.263 0.0 3.606 10.77 14.866 9999999999.0 9999999999.0 7.071 18.385 9999999999.0 9999999999.0 9999999999.0 9999999999.0 9999999999.0 9999999999.0 9999999999.0 9999999999.0 9999999999.0 9999999999.0 9999999999.0 9999999999.0 9999999999.0 9999999999.0 9999999999.0 9999999999.0 6.0 10.63 14.213 22.361 26.0 9999999999.0 9999999999.0 9999999999.0 9999999999.0 9999999999.0 9999999999.0 69.354 9999999999.0 9999999999.0 9999999999.0 9999999999.0 9999999999.0 9999999999.0 9999999999.0 9999999999.0 63.388 9999999999.0 9999999999.0 9999999999.0 9999999999.0 9999999999.0 9999999999.0 9999999999.0 9999999999.0 9999999999.0 9999999999.0 9999999999.0 9999999999.0 9999999999.0 9999999999.0 9999999999.0 9999999999.0 9999999999.0 50.09 51.971 9999999999.0 9999999999.0 9999999999.0 9999999999.0 9999999999.0 9999999999.0 9999999999.0 9999999999.0 9999999999.0 9999999999.0 9999999999.0 9999999999.0 9999999999.0 9999999999.0 9999999999.0 9999999999.0 34.059 31.623 30.414 29.732 28.636 29.069 29.069 9999999999.0 9999999999.0 9999999999.0 9999999999.0 9999999999.0 9999999999.0 9999999999.0 9999999999.0 9999999999.0 9999999999.0 9999999999.0 9999999999.0 9999999999.0 9999999999.0 9999999999.0 9999999999.0 9999999999.0 9999999999.0 9999999999.0 9999999999.0 9999999999.0 9999999999.0 9999999999.0 9999999999.0 9999999999.0 9999999999.0 9999999999.0 9999999999.0 9999999999.0 9999999999.0 9999999999.0 10.198 17.692 20.809 25.554 29.069 9999999999.0 9999999999.0 9999999999.0 9999999999.0 9999999999.0 9999999999.0 9999999999.0 9999999999.0 9999999999.0 9999999999.0 9999999999.0 9999999999.0 9999999999.0 9999999999.0 9999999999.0 9999999999.0 9999999999.0 9999999999.0 9999999999.0 9999999999.0 9999999999.0 9999999999.0 9999999999.0 9999999999.0 39.357 37.054 9999999999.0 9999999999.0 9999999999.0 9999999999.0 9999999999.0 9999999999.0 9999999999.0 9999999999.0 9999999999.0 9999999999.0 9999999999.0 9999999999.0 9999999999.0 9999999999.0 36.222 9999999999.0 9999999999.0 35.511 9999999999.0 9999999999.0 9999999999.0 37.696 37.363 9999999999.0 9999999999.0 
9999999999.0 9999999999.0 9999999999.0 9999999999.0 15.133 12.0 9.487 9.22 8.944 9999999999.0 12.083 8.544 6.0 5.0 11.045 5.099 14.036 3.606 0.0 7.28 11.402 9999999999.0 9999999999.0 3.606 14.866 9999999999.0 9999999999.0 9999999999.0 9999999999.0 9999999999.0 83.648 81.123 83.217 84.629 86.215 87.966 89.872 91.924 73.824 9999999999.0 9999999999.0 5.0 7.211 10.63 18.788 22.472 9999999999.0 9999999999.0 9999999999.0 9999999999.0 9999999999.0 9999999999.0 66.31 9999999999.0 9999999999.0 9999999999.0 9999999999.0 9999999999.0 9999999999.0 9999999999.0 9999999999.0 61.814 62.586 63.6 64.846 66.31 67.978 68.964 71.021 73.239 74.813 77.337 79.246 81.32 83.546 9999999999.0 9999999999.0 9999999999.0 9999999999.0 47.011 48.765 80.802 77.006 73.246 69.527 65.856 62.936 59.414 56.727 53.413 51.039 48.021 46.065 44.385 43.012 41.976 9999999999.0 30.61 28.302 27.313 26.926 26.173 27.019 27.459 27.514 29.069 31.064 33.422 36.069 38.949 41.4 44.654 47.508 50.537 54.129 9999999999.0 9999999999.0 9999999999.0 9999999999.0 9999999999.0 9999999999.0 9999999999.0 9999999999.0 9999999999.0 9999999999.0 9999999999.0 9999999999.0 9999999999.0 9999999999.0 9999999999.0 9999999999.0 9999999999.0 14.318 11.402 9.434 8.062 14.142 17.205 21.954 25.495 9999999999.0 9999999999.0 9999999999.0 9999999999.0 9999999999.0 9999999999.0 86.977 9999999999.0 75.18 77.253 76.485 9999999999.0 9999999999.0 9999999999.0 9999999999.0 36.249 9999999999.0 82.976 9999999999.0 9999999999.0 79.63 84.723 81.216 76.322 36.249 35.014 9999999999.0 9999999999.0 38.079 40.224 46.669 42.638 51.74 57.428 72.945 68.505 76.851 63.285 84.9 9999999999.0 34.713 9999999999.0 9999999999.0 33.136 34.785 9999999999.0 9999999999.0 34.785 34.713 9999999999.0 64.413 
32.757 32.985 32.757 32.985 19.235 15.652 11.705 9.055 6.083 22.023 17.692 14.142 10.63 7.211 5.0 3.606 7.071 10.77 7.28 0.0 4.123 9999999999.0 9999999999.0 5.099 7.616 9999999999.0 9999999999.0 9999999999.0 9999999999.0 9999999999.0 85.44 83.235 85.604 87.321 89.196 91.22 93.381 95.671 79.202 18.0 14.036 10.198 5.0 5.099 11.662 15.232 9999999999.0 9999999999.0 9999999999.0 9999999999.0 9999999999.0 9999999999.0 61.984 60.877 9999999999.0 9999999999.0 9999999999.0 9999999999.0 9999999999.0 9999999999.0 9999999999.0 9999999999.0 62.626 64.078 65.742 67.602 69.642 71.028 73.41 75.928 77.833 80.61 82.807 85.147 87.618 9999999999.0 9999999999.0 9999999999.0 9999999999.0 42.72 44.011 85.44 81.541 77.666 73.817 70.0 66.843 63.127 60.141 56.569 53.814 50.448 48.01 45.793 43.829 42.154 9999999999.0 25.06 23.409 23.345 24.0 24.331 26.249 27.731 28.844 31.241 33.941 36.878 40.0 43.267 46.141 49.649 52.802 56.08 59.808 63.246 66.761 70.342 74.216 72.443 68.359 64.281 60.299 56.223 52.24 48.166 44.181 40.112 36.056 32.062 28.16 24.187 20.396 16.763 13.416 10.0 8.544 10.63 15.0 18.358 9999999999.0 9999999999.0 9999999999.0 9999999999.0 9999999999.0 69.123 90.785 9999999999.0 77.104 78.262 78.032 9999999999.0 9999999999.0 9999999999.0 9999999999.0 38.013 9999999999.0 86.267 9999999999.0 9999999999.0 82.329 86.839 84.22 78.6 32.016 33.956 9999999999.0 9999999999.0 40.46 43.139 50.606 46.011 56.036 62.266 77.897 73.43 81.884 68.425 88.459 9999999999.0 34.928 9999999999.0 9999999999.0 31.257 35.847 71.028 74.33 31.257 32.0 67.007 69.857 
36.497 36.674 36.497 36.674 22.204 18.601 14.422 11.18 7.616 25.456 21.26 17.804 14.213 10.63 4.0 7.211 3.606 14.866 11.402 4.123 0.0 9999999999.0 9999999999.0 9.0 3.606 9999999999.0 9999999999.0 71.568 9999999999.0 9999999999.0 86.839 84.812 87.321 89.196 91.22 93.381 95.671 98.082 82.462 22.023 18.0 14.036 7.616 5.0 7.81 11.18 9999999999.0 9999999999.0 9999999999.0 9999999999.0 9999999999.0 9999999999.0 59.908 59.034 57.428 9999999999.0 9999999999.0 9999999999.0 9999999999.0 9999999999.0 9999999999.0 9999999999.0 9999999999.0 64.846 66.731 68.797 71.028 72.622 75.166 77.833 79.906 82.807 85.147 87.618 90.211 9999999999.0 9999999999.0 9999999999.0 9999999999.0 40.792 41.761 88.323 84.38 80.455 76.551 72.67 69.405 65.605 62.482 58.796 55.866 52.345 49.679 47.202 44.944 42.942 9999999999.0 22.472 21.378 22.0 23.345 24.352 26.833 28.844 30.48 33.242 36.235 39.408 42.72 46.141 49.193 52.802 56.08 59.464 63.246 66.761 70.342 73.98 77.878 76.322 72.25 68.184 64.195 60.133 56.143 52.086 48.094 44.045 40.012 36.014 32.062 28.071 24.187 20.396 16.763 13.0 7.071 7.616 11.314 14.422 9999999999.0 9999999999.0 9999999999.0 9999999999.0 9999999999.0 67.268 93.236 9999999999.0 78.6 79.259 79.322 9999999999.0 9999999999.0 9999999999.0 9999999999.0 39.699 9999999999.0 88.459 9999999999.0 9999999999.0 84.22 88.408 86.267 80.281 30.265 34.176 9999999999.0 9999999999.0 42.426 45.343 53.254 48.415 58.83 65.299 80.951 76.479 84.971 71.589 90.785 9999999999.0 35.847 9999999999.0 64.125 31.048 37.202 75.007 77.795 30.0 31.257 71.0 73.164 
