,temp_mean_avg,temp_std_avg,boundary_score_avg,gradient_magnitude_avg,n_regions,max_region_area_fraction,min_region_area_fraction,region_area_entropy,inter_region_temp_contrast
temp_mean_avg,1.0,0.81051963897886,0.20692475725132028,0.4415429204748496,0.2003130321807845,-0.20596924330182054,-0.19546857012600344,0.20115390918407988,0.2224022405893588
temp_std_avg,0.81051963897886,1.0,0.20172628402536946,0.45281286341669696,0.13980148649064217,-0.16485279940012657,-0.11950896849533513,0.14342637256991442,0.2506506034312924
boundary_score_avg,0.20692475725132028,0.20172628402536946,1.0,0.9041971334501155,0.9246697607343007,-0.924046214806857,-0.9237298655757957,0.9247029155674618,0.9057462822533852
gradient_magnitude_avg,0.4415429204748496,0.45281286341669696,0.9041971334501155,1.0,0.9166435520124421,-0.9277634398584771,-0.9063055526501318,0.9183661847622432,0.9509645155986597
n_regions,0.2003130321807845,0.13980148649064217,0.9246697607343007,0.9166435520124421,1.0,-0.99892139046802,-0.9993074920213284,0.9999776592361779,0.9777067630409945
max_region_area_fraction,-0.20596924330182054,-0.16485279940012657,-0.924046214806857,-0.9277634398584771,-0.99892139046802,1.0,0.9965018743807277,-0.9992094522551613,-0.9864020394623526
min_region_area_fraction,-0.19546857012600344,-0.11950896849533513,-0.9237298655757957,-0.9063055526501318,-0.9993074920213284,0.9965018743807277,1.0,-0.9990364449765985,-0.969216659510726
region_area_entropy,0.20115390918407988,0.14342637256991442,0.9247029155674618,0.9183661847622432,0.9999776592361779,-0.9992094522551613,-0.9990364449765985,1.0,0.9790884742285547
inter_region_temp_contrast,0.2224022405893588,0.2506506034312924,0.9057462822533852,0.9509645155986597,0.9777067630409945,-0.9864020394623526,-0.969216659510726,0.9790884742285547,1.0
