EDGE_WEIGHT_TYPE: EXPLICIT
EDGE_WEIGHT_FORMAT: FULL_MATRIX
DIMENSION: 109
VEHICLES: 1
NODE_COORD_SECTION
1 24 53
2 24 53
3 9 40
4 13 42
5 16 45
6 19 48
7 23 50
8 27 53
9 31 56
10 35 58
11 39 60
12 43 63
13 47 65
14 51 67
15 55 70
16 59 72
17 63 74
18 67 77
19 71 79
20 75 82
21 79 84
22 80 91
23 76 89
24 72 86
25 68 84
26 64 81
27 60 79
28 56 76
29 52 74
30 48 72
31 44 69
32 40 67
33 36 65
34 32 62
35 28 60
36 24 57
37 20 55
38 16 52
39 13 49
40 10 46
41 9 35
42 13 36
43 17 39
44 20 42
45 23 45
46 27 47
47 31 50
48 35 52
49 39 55
50 43 57
51 47 59
52 51 62
53 55 64
54 59 66
55 63 69
56 67 71
57 71 74
58 75 76
59 79 79
60 80 96
61 76 94
62 72 92
63 68 89
64 64 87
65 60 84
66 55 81
67 51 79
68 47 77
69 43 74
70 39 72
71 35 70
72 31 67
73 27 65
74 23 63
75 20 60
76 16 58
77 12 55
78 9 52
79 11 31
80 16 33
81 24 40
82 30 44
83 34 47
84 38 49
85 42 52
86 46 54
87 50 56
88 54 59
89 58 61
90 62 63
91 66 66
92 70 68
93 74 71
94 78 73
95 78 100
96 74 98
97 69 95
98 65 92
99 61 90
100 55 86
101 51 84
102 44 80
103 40 77
104 36 75
105 32 73
106 28 70
107 24 68
108 19 65
109 12 60
EDGE_WEIGHT_SECTION
0.0 0.0 19.849 15.556 11.314 7.071 3.162 3.0 7.616 12.083 16.553 21.471 25.942 30.414 35.355 39.825 44.294 49.244 53.712 58.669 63.135 67.676 63.246 58.249 53.824 48.826 44.407 39.408 35.0 30.61 25.612 21.26 16.971 12.042 8.062 4.0 4.472 8.062 11.705 15.652 23.431 20.248 15.652 11.705 8.062 6.708 7.616 11.045 15.133 19.416 23.77 28.46 32.894 37.336 42.154 46.615 51.478 55.946 60.836 9999999999.0 9999999999.0 9999999999.0 9999999999.0 9999999999.0 9999999999.0 41.773 37.483 33.242 28.32 24.207 20.248 15.652 12.369 10.05 8.062 9.434 12.166 15.033 25.554 21.541 13.0 10.817 11.662 14.56 18.028 22.023 26.173 30.594 34.928 39.294 43.966 48.384 53.141 57.585 9999999999.0 9999999999.0 9999999999.0 9999999999.0 9999999999.0 45.277 41.11 33.601 28.844 25.06 21.541 17.464 15.0 13.0 13.892 
0.0 0.0 19.849 15.556 11.314 7.071 3.162 3.0 7.616 12.083 16.553 21.471 25.942 30.414 35.355 39.825 44.294 49.244 53.712 58.669 63.135 67.676 63.246 58.249 53.824 48.826 44.407 39.408 35.0 30.61 25.612 21.26 16.971 12.042 8.062 4.0 4.472 8.062 11.705 15.652 23.431 20.248 15.652 11.705 8.062 6.708 7.616 11.045 15.133 19.416 23.77 28.46 32.894 37.336 42.154 46.615 51.478 55.946 60.836 9999999999.0 9999999999.0 9999999999.0 9999999999.0 9999999999.0 9999999999.0 41.773 37.483 33.242 28.32 24.207 20.248 15.652 12.369 10.05 8.062 9.434 12.166 15.033 25.554 21.541 13.0 10.817 11.662 14.56 18.028 22.023 26.173 30.594 34.928 39.294 43.966 48.384 53.141 57.585 9999999999.0 9999999999.0 9999999999.0 9999999999.0 9999999999.0 45.277 41.11 33.601 28.844 25.06 21.541 17.464 15.0 13.0 13.892 
19.849 19.849 0.0 4.472 8.602 12.806 17.205 22.204 27.203 31.623 36.056 41.049 45.486 49.93 54.918 59.363 63.812 68.797 73.246 78.23 82.68 87.419 83.006 78.006 73.6 68.6 64.203 59.203 54.818 50.448 45.453 41.11 36.797 31.828 27.586 22.672 18.601 13.892 9.849 6.083 5.0 5.657 8.062 11.18 14.866 19.313 24.166 28.636 33.541 38.013 42.485 47.413 51.884 56.356 61.294 65.765 70.711 75.18 80.131 90.427 9999999999.0 9999999999.0 9999999999.0 9999999999.0 9999999999.0 61.62 57.315 53.038 48.083 43.863 39.699 34.828 30.806 26.926 22.825 19.313 15.297 12.0 9.22 9.899 15.0 21.378 25.962 30.364 35.114 39.56 44.011 48.847 53.31 57.775 62.65 67.119 72.014 76.485 9999999999.0 9999999999.0 9999999999.0 9999999999.0 9999999999.0 65.054 60.828 53.151 48.27 44.204 40.224 35.511 31.765 26.926 20.224 
15.556 15.556 4.472 0.0 4.243 8.485 12.806 17.804 22.804 27.203 31.623 36.62 41.049 45.486 50.478 54.918 59.363 64.351 68.797 73.783 78.23 83.006 78.6 73.6 69.203 64.203 59.816 54.818 50.448 46.098 41.11 36.797 32.527 27.586 23.431 18.601 14.765 10.44 7.0 5.0 8.062 6.0 5.0 7.0 10.44 14.866 19.698 24.166 29.069 33.541 38.013 42.942 47.413 51.884 56.824 61.294 66.242 70.711 75.664 86.052 9999999999.0 9999999999.0 9999999999.0 9999999999.0 9999999999.0 57.315 53.038 48.795 43.863 39.699 35.609 30.806 26.926 23.259 19.313 16.279 13.038 10.77 11.18 9.487 11.18 17.117 21.587 25.962 30.676 35.114 39.56 44.385 48.847 53.31 58.181 62.65 67.543 72.014 9999999999.0 9999999999.0 9999999999.0 9999999999.0 9999999999.0 60.828 56.639 49.041 44.204 40.224 36.359 31.765 28.231 23.77 18.028 
11.314 11.314 8.602 4.243 0.0 4.243 8.602 13.601 18.601 23.022 27.459 32.45 36.892 41.34 46.325 50.774 55.227 60.208 64.661 69.642 74.095 78.816 74.404 69.405 65.0 60.0 55.606 50.606 46.228 41.869 36.878 32.558 28.284 23.345 19.209 14.422 10.77 7.0 5.0 6.083 12.207 9.487 6.083 5.0 7.0 11.18 15.811 20.248 25.08 29.547 34.015 38.91 43.382 47.854 52.773 57.245 62.177 66.648 71.589 81.835 9999999999.0 9999999999.0 9999999999.0 9999999999.0 9999999999.0 53.075 48.795 44.553 39.623 35.468 31.401 26.627 22.825 19.313 15.524 13.0 10.77 9.899 14.866 12.0 9.434 14.036 18.111 22.361 26.926 31.321 35.735 40.497 44.944 49.396 54.231 58.694 63.561 68.029 9999999999.0 9999999999.0 9999999999.0 9999999999.0 9999999999.0 56.586 52.402 44.822 40.0 36.056 32.249 27.731 24.352 20.224 15.524 
7.071 7.071 12.806 8.485 4.243 0.0 4.472 9.434 14.422 18.868 23.324 28.302 32.757 37.216 42.19 46.648 51.108 56.08 60.539 65.513 69.971 74.632 70.214 65.215 60.803 55.803 51.4 46.4 42.012 37.643 32.65 28.32 24.042 19.105 15.0 10.296 7.071 5.0 6.083 9.22 16.401 13.416 9.22 6.083 5.0 8.062 12.166 16.492 21.19 25.632 30.083 34.928 39.395 43.863 48.754 53.226 58.138 62.61 67.535 77.621 9999999999.0 9999999999.0 9999999999.0 9999999999.0 9999999999.0 48.836 44.553 40.311 35.384 31.241 27.203 22.472 18.788 15.524 12.042 10.44 9.899 10.77 18.788 15.297 9.434 11.705 15.033 19.026 23.345 27.659 32.016 36.688 41.11 45.541 50.329 54.781 59.615 64.078 9999999999.0 9999999999.0 9999999999.0 9999999999.0 9999999999.0 52.345 48.166 40.608 35.805 31.906 28.178 23.77 20.616 17.0 13.892 
3.162 3.162 17.205 12.806 8.602 4.472 0.0 5.0 10.0 14.422 18.868 23.854 28.302 32.757 37.736 42.19 46.648 51.624 56.08 61.057 65.513 70.214 65.803 60.803 56.4 51.4 47.011 42.012 37.643 33.302 28.32 24.042 19.849 15.0 11.18 7.071 5.831 7.28 10.05 13.601 20.518 17.205 12.53 8.544 5.0 5.0 8.0 12.166 16.763 21.19 25.632 30.463 34.928 39.395 44.283 48.754 53.666 58.138 63.063 73.246 9999999999.0 9999999999.0 9999999999.0 9999999999.0 9999999999.0 44.553 40.311 36.125 31.241 27.203 23.324 18.788 15.524 13.0 10.44 10.63 12.083 14.142 22.472 18.385 10.05 9.22 11.402 15.033 19.105 23.345 27.659 32.28 36.688 41.11 45.88 50.329 55.154 59.615 9999999999.0 9999999999.0 9999999999.0 9999999999.0 9999999999.0 48.166 44.045 36.62 31.906 28.178 24.698 20.616 18.028 15.524 14.866 
3.0 3.0 22.204 17.804 13.601 9.434 5.0 0.0 5.0 9.434 13.892 18.868 23.324 27.785 32.757 37.216 41.677 46.648 51.108 56.08 60.539 65.215 60.803 55.803 51.4 46.4 42.012 37.014 32.65 28.32 23.345 19.105 15.0 10.296 7.071 5.0 7.28 11.045 14.56 18.385 25.456 22.023 17.205 13.038 8.944 6.0 5.0 8.062 12.166 16.492 20.881 25.632 30.083 34.54 39.395 43.863 48.754 53.226 58.138 68.25 9999999999.0 9999999999.0 9999999999.0 9999999999.0 9999999999.0 39.598 35.384 31.241 26.401 22.472 18.788 14.56 12.0 10.77 9.899 12.083 15.133 18.028 27.203 22.825 13.342 9.487 9.22 11.705 15.033 19.026 23.195 27.659 32.016 36.401 41.11 45.541 50.329 54.781 9999999999.0 9999999999.0 9999999999.0 9999999999.0 9999999999.0 43.278 39.205 31.906 27.295 23.77 20.616 17.029 15.297 14.422 16.553 
7.616 7.616 27.203 22.804 18.601 14.422 10.0 5.0 0.0 4.472 8.944 13.892 18.358 22.825 27.785 32.249 36.715 41.677 46.141 51.108 55.57 60.216 55.803 50.804 46.4 41.4 37.014 32.016 27.659 23.345 18.385 14.213 10.296 6.083 5.0 7.071 11.045 15.524 19.313 23.259 30.414 26.907 22.023 17.804 13.601 9.849 6.0 5.657 8.062 12.042 16.279 20.881 25.298 29.732 34.54 39.0 43.863 48.332 53.226 63.253 58.898 9999999999.0 9999999999.0 9999999999.0 9999999999.0 34.655 30.48 26.401 21.633 17.889 14.56 11.0 9.849 10.63 11.705 15.133 19.026 22.361 32.016 27.459 17.464 12.042 9.487 9.899 11.705 15.133 19.0 23.195 27.459 31.78 36.401 40.804 45.541 49.98 9999999999.0 9999999999.0 9999999999.0 9999999999.0 9999999999.0 38.419 34.409 27.295 22.847 19.647 17.029 14.318 13.892 15.0 19.416 
12.083 12.083 31.623 27.203 23.022 18.868 14.422 9.434 4.472 0.0 4.472 9.434 13.892 18.358 23.324 27.785 32.249 37.216 41.677 46.648 51.108 55.803 51.4 46.4 42.012 37.014 32.65 27.659 23.345 19.105 14.213 10.296 7.071 5.0 7.28 11.045 15.297 19.925 23.77 27.731 34.713 31.113 26.173 21.932 17.692 13.601 8.944 6.0 5.0 8.062 12.042 16.492 20.881 25.298 30.083 34.54 39.395 43.863 48.754 58.898 54.562 9999999999.0 9999999999.0 9999999999.0 9999999999.0 30.48 26.401 22.472 17.889 14.56 12.0 9.849 10.63 13.0 15.133 19.0 23.195 26.683 36.125 31.401 21.095 14.866 11.045 9.487 9.22 11.705 15.133 19.026 23.195 27.459 32.016 36.401 41.11 45.541 9999999999.0 9999999999.0 9999999999.0 9999999999.0 9999999999.0 34.409 30.529 23.77 19.647 17.029 15.297 13.892 14.866 17.464 23.087 
16.553 16.553 36.056 31.623 27.459 23.324 18.868 13.892 8.944 4.472 0.0 5.0 9.434 13.892 18.868 23.324 27.785 32.757 37.216 42.19 46.648 51.4 47.011 42.012 37.643 32.65 28.32 23.345 19.105 15.0 10.296 7.071 5.831 7.28 11.0 15.297 19.647 24.352 28.231 32.202 39.051 35.384 30.414 26.173 21.932 17.692 12.806 8.944 5.0 5.0 8.062 12.166 16.492 20.881 25.632 30.083 34.928 39.395 44.283 54.562 50.249 45.967 41.012 9999999999.0 9999999999.0 26.401 22.472 18.788 14.56 12.0 10.77 10.63 13.0 16.279 19.0 23.087 27.459 31.048 40.311 35.468 25.0 18.358 13.928 11.045 8.544 9.22 11.705 15.033 19.026 23.195 27.659 32.016 36.688 41.11 55.866 9999999999.0 9999999999.0 9999999999.0 9999999999.0 30.529 26.833 20.616 17.029 15.297 14.765 14.866 17.0 20.616 27.0 
21.471 21.471 41.049 36.62 32.45 28.302 23.854 18.868 13.892 9.434 5.0 0.0 4.472 8.944 13.892 18.358 22.825 27.785 32.249 37.216 41.677 46.4 42.012 37.014 32.65 27.659 23.345 18.385 14.213 10.296 6.083 5.0 7.28 11.045 15.297 19.925 24.352 29.155 33.106 37.121 44.045 40.361 35.384 31.145 26.907 22.627 17.692 13.601 8.944 6.0 5.657 8.062 12.042 16.279 20.881 25.298 30.083 34.54 39.395 49.578 45.277 41.012 36.069 9999999999.0 9999999999.0 21.633 17.889 14.56 11.0 9.849 10.63 12.649 16.125 20.0 23.195 27.459 32.016 35.735 45.255 40.361 29.833 23.022 18.358 14.866 11.045 9.487 9.899 11.705 15.133 19.0 23.195 27.459 32.016 36.401 50.931 9999999999.0 9999999999.0 9999999999.0 9999999999.0 25.942 22.472 17.029 14.318 13.892 14.866 16.553 19.647 24.083 31.145 
25.942 25.942 45.486 41.049 36.892 32.757 28.302 23.324 18.358 13.892 9.434 4.472 0.0 4.472 9.434 13.892 18.358 23.324 27.785 32.757 37.216 42.012 37.643 32.65 28.32 23.345 19.105 14.213 10.296 7.071 5.0 7.28 11.0 15.297 19.647 24.352 28.792 33.615 37.577 41.593 48.415 44.688 39.699 35.468 31.241 26.907 21.932 17.692 12.806 8.944 6.0 5.0 8.062 12.042 16.492 20.881 25.632 30.083 34.928 45.277 41.012 36.797 31.89 27.803 9999999999.0 17.889 14.56 12.0 9.849 10.63 13.0 16.125 20.0 24.083 27.459 31.78 36.401 40.162 49.518 44.553 33.971 27.019 22.204 18.358 13.928 11.045 9.487 9.22 11.705 15.133 19.026 23.195 27.659 32.016 46.755 42.638 9999999999.0 9999999999.0 9999999999.0 22.472 19.416 15.297 13.892 14.866 17.0 19.647 23.195 28.0 35.355 
30.414 30.414 49.93 45.486 41.34 37.216 32.757 27.785 22.825 18.358 13.892 8.944 4.472 0.0 5.0 9.434 13.892 18.868 23.324 28.302 32.757 37.643 33.302 28.32 24.042 19.105 15.0 10.296 7.071 5.831 7.28 11.0 15.133 19.647 24.042 28.792 33.242 38.079 42.048 46.065 52.802 49.041 44.045 39.825 35.609 31.241 26.249 21.932 16.971 12.806 8.944 5.0 5.0 8.062 12.166 16.492 21.19 25.632 30.463 41.012 36.797 32.65 27.803 23.854 9999999999.0 14.56 12.0 10.77 10.63 13.0 16.279 20.0 24.083 28.284 31.78 36.139 40.804 44.598 53.814 48.795 38.184 31.145 26.249 22.204 17.493 13.928 11.045 8.544 9.22 11.705 15.033 19.026 23.345 27.659 42.638 38.601 33.287 9999999999.0 9999999999.0 19.416 17.0 14.765 14.866 17.0 19.925 23.195 27.019 32.062 9999999999.0 
35.355 35.355 54.918 50.478 46.325 42.19 37.736 32.757 27.785 23.324 18.868 13.892 9.434 5.0 0.0 4.472 8.944 13.892 18.358 23.324 27.785 32.65 28.32 23.345 19.105 14.213 10.296 6.083 5.0 7.28 11.045 15.297 19.647 24.352 28.792 33.615 38.079 42.953 46.957 51.0 57.801 54.037 49.041 44.822 40.608 36.235 31.241 26.907 21.932 17.692 13.601 8.944 6.0 5.657 8.062 12.042 16.492 20.881 25.632 36.069 31.89 27.803 23.022 19.235 14.866 11.0 9.849 10.63 12.649 16.125 20.0 24.187 28.443 32.757 36.401 40.804 45.541 49.396 58.796 53.759 43.139 36.069 31.145 27.019 22.204 18.358 14.866 11.045 9.487 9.899 11.705 15.133 19.026 23.195 37.802 33.838 28.653 24.166 9999999999.0 16.0 14.56 14.866 16.553 19.647 23.195 27.0 31.064 36.346 9999999999.0 
39.825 39.825 59.363 54.918 50.774 46.648 42.19 37.216 32.249 27.785 23.324 18.358 13.892 9.434 4.472 0.0 4.472 9.434 13.892 18.868 23.324 28.32 24.042 19.105 15.0 10.296 7.071 5.0 7.28 11.0 15.297 19.647 24.042 28.792 33.242 38.079 42.544 47.424 51.43 55.471 62.201 58.412 53.413 49.204 45.0 40.608 35.609 31.241 26.249 21.932 17.692 12.806 8.944 6.0 5.0 8.062 12.166 16.492 21.19 31.89 27.803 23.854 19.235 15.811 12.042 9.849 10.63 13.0 16.125 20.0 24.083 28.443 32.757 37.108 40.804 45.222 49.98 53.852 63.127 58.052 47.424 40.311 35.355 31.145 26.249 22.204 18.358 13.928 11.045 9.487 9.22 11.705 15.033 19.026 33.838 30.017 25.08 20.881 18.111 9999999999.0 14.422 17.0 19.647 23.195 27.019 31.064 35.228 40.608 9999999999.0 
44.294 44.294 63.812 59.363 55.227 51.108 46.648 41.677 36.715 32.249 27.785 22.825 18.358 13.892 8.944 4.472 0.0 5.0 9.434 14.422 18.868 24.042 19.849 15.0 11.18 7.071 5.831 7.28 11.0 15.133 19.647 24.042 28.46 33.242 37.696 42.544 47.011 51.894 55.902 59.942 66.611 62.801 57.801 53.6 49.406 45.0 40.0 35.609 30.61 26.249 21.932 16.971 12.806 8.944 5.0 5.0 8.0 12.166 16.763 27.803 23.854 20.125 15.811 13.038 10.44 9999999999.0 13.0 16.279 20.0 24.083 28.284 32.757 37.108 41.485 45.222 49.649 54.424 58.31 67.476 62.37 51.74 44.598 39.623 35.355 30.414 26.249 22.204 17.493 13.928 11.045 8.544 9.22 11.402 15.033 30.017 26.401 21.84 18.111 16.125 9999999999.0 9999999999.0 19.925 23.195 27.019 31.016 35.228 39.459 44.911 9999999999.0 
49.244 49.244 68.797 64.351 60.208 56.08 51.624 46.648 41.677 37.216 32.757 27.785 23.324 18.868 13.892 9.434 5.0 0.0 4.472 9.434 13.892 19.105 15.0 10.296 7.071 5.0 7.28 11.045 15.297 19.647 24.352 28.792 33.242 38.079 42.544 47.424 51.894 56.798 60.828 64.885 71.61 67.801 62.801 58.6 54.406 50.0 45.0 40.608 35.609 31.241 26.907 21.932 17.692 13.601 8.944 6.0 5.0 8.062 12.166 23.022 19.235 15.811 12.042 10.44 9.899 9999999999.0 16.125 20.0 24.187 28.443 32.757 37.363 41.761 46.174 49.98 54.424 59.237 63.159 72.471 67.357 56.727 49.578 44.598 40.311 35.355 31.145 27.019 22.204 18.358 14.866 11.045 9.487 9.22 11.705 25.495 22.136 18.111 15.133 14.318 9999999999.0 9999999999.0 23.195 27.0 31.064 35.228 39.623 43.932 49.477 9999999999.0 
53.712 53.712 73.246 68.797 64.661 60.539 56.08 51.108 46.141 41.677 37.216 32.249 27.785 23.324 18.358 13.892 9.434 4.472 0.0 5.0 9.434 15.0 11.18 7.071 5.831 7.28 11.0 15.297 19.647 24.042 28.792 33.242 37.696 42.544 47.011 51.894 56.365 61.27 65.299 69.354 76.026 72.201 67.201 63.008 58.822 54.406 49.406 45.0 40.0 35.609 31.241 26.249 21.932 17.692 12.806 8.944 5.0 5.0 8.0 19.235 15.811 13.038 10.44 10.63 12.083 9999999999.0 20.0 24.083 28.443 32.757 37.108 41.761 46.174 50.596 54.424 58.873 63.695 67.624 76.837 71.701 61.074 53.907 48.918 44.598 39.623 35.355 31.145 26.249 22.204 18.358 13.928 11.045 8.544 9.22 22.136 19.235 16.125 14.318 14.866 9999999999.0 9999999999.0 9999999999.0 31.064 35.228 39.459 43.932 48.27 53.852 9999999999.0 
58.669 58.669 78.23 73.783 69.642 65.513 61.057 56.08 51.108 46.648 42.19 37.216 32.757 28.302 23.324 18.868 14.422 9.434 5.0 0.0 4.472 10.296 7.071 5.0 7.28 11.045 15.297 19.925 24.352 28.792 33.615 38.079 42.544 47.424 51.894 56.798 61.27 66.189 70.235 74.303 81.025 77.201 72.201 68.007 63.82 59.405 54.406 50.0 45.0 40.608 36.235 31.241 26.907 22.627 17.692 13.601 8.944 6.0 5.0 14.866 12.042 10.44 9.899 12.083 15.133 9999999999.0 9999999999.0 28.443 32.985 37.363 41.761 46.487 50.922 55.362 59.237 63.695 68.542 72.498 81.835 76.694 66.068 58.898 53.907 49.578 44.598 40.311 36.069 31.145 27.019 23.022 18.358 14.866 11.045 9.487 18.248 16.031 14.318 14.142 16.125 9999999999.0 9999999999.0 9999999999.0 9999999999.0 39.623 43.932 48.508 52.887 58.523 9999999999.0 
63.135 63.135 82.68 78.23 74.095 69.971 65.513 60.539 55.57 51.108 46.648 41.677 37.216 32.757 27.785 23.324 18.868 13.892 9.434 4.472 0.0 7.071 5.831 7.28 11.0 15.297 19.647 24.352 28.792 33.242 38.079 42.544 47.011 51.894 56.365 61.27 65.742 70.661 74.706 78.772 85.446 81.609 76.609 72.422 68.242 63.82 58.822 54.406 49.406 45.0 40.608 35.609 31.241 26.907 21.932 17.692 12.806 8.944 5.0 12.042 10.44 10.63 12.083 15.297 19.0 9999999999.0 9999999999.0 9999999999.0 37.363 41.761 46.174 50.922 55.362 59.808 63.695 68.154 73.007 76.968 86.215 81.056 70.434 63.253 58.258 53.907 48.918 44.598 40.311 35.355 31.145 27.019 22.204 18.358 13.928 11.045 16.031 14.866 14.866 16.125 18.974 9999999999.0 9999999999.0 9999999999.0 9999999999.0 9999999999.0 48.27 52.887 57.28 62.936 9999999999.0 
67.676 67.676 87.419 83.006 78.816 74.632 70.214 65.215 60.216 55.803 51.4 46.4 42.012 37.643 32.65 28.32 24.042 19.105 15.0 10.296 7.071 0.0 4.472 9.434 13.892 18.868 23.324 28.302 32.757 37.216 42.19 46.648 51.108 56.08 60.539 65.513 69.971 74.947 79.076 83.217 90.427 86.683 81.688 77.466 73.246 68.884 63.891 59.548 54.562 50.249 45.967 41.012 36.797 32.65 27.803 23.854 19.235 15.811 12.042 5.0 5.0 8.062 12.166 16.492 21.19 9999999999.0 9999999999.0 9999999999.0 9999999999.0 9999999999.0 9999999999.0 9999999999.0 9999999999.0 9999999999.0 9999999999.0 9999999999.0 9999999999.0 81.006 91.439 86.371 75.743 68.622 63.655 59.397 54.452 50.249 46.098 41.231 37.202 33.287 28.653 25.08 20.881 18.111 9.22 9.22 11.705 15.033 19.026 9999999999.0 9999999999.0 9999999999.0 9999999999.0 9999999999.0 9999999999.0 9999999999.0 9999999999.0 9999999999.0 9999999999.0 
63.246 63.246 83.006 78.6 74.404 70.214 65.803 60.803 55.803 51.4 47.011 42.012 37.643 33.302 28.32 24.042 19.849 15.0 11.18 7.071 5.831 4.472 0.0 5.0 9.434 14.422 18.868 23.854 28.302 32.757 37.736 42.19 46.648 51.624 56.08 61.057 65.513 70.491 74.626 78.772 86.052 82.329 77.337 73.11 68.884 64.537 59.548 55.227 50.249 45.967 41.725 36.797 32.65 28.601 23.854 20.125 15.811 13.038 10.44 8.062 5.0 5.0 8.0 12.166 16.763 9999999999.0 9999999999.0 9999999999.0 9999999999.0 9999999999.0 9999999999.0 9999999999.0 9999999999.0 9999999999.0 9999999999.0 9999999999.0 9999999999.0 76.538 87.115 82.073 71.449 64.351 59.397 55.172 50.249 46.098 42.012 37.202 33.287 29.53 25.08 21.84 18.111 16.125 11.18 9.22 9.22 11.402 15.033 9999999999.0 9999999999.0 9999999999.0 9999999999.0 9999999999.0 9999999999.0 9999999999.0 9999999999.0 9999999999.0 9999999999.0 
58.249 58.249 78.006 73.6 69.405 65.215 60.803 55.803 50.804 46.4 42.012 37.014 32.65 28.32 23.345 19.105 15.0 10.296 7.071 5.0 7.28 9.434 5.0 0.0 4.472 9.434 13.892 18.868 23.324 27.785 32.757 37.216 41.677 46.648 51.108 56.08 60.539 65.513 69.642 73.783 81.056 77.337 72.346 68.118 63.891 59.548 54.562 50.249 45.277 41.012 36.797 31.89 27.803 23.854 19.235 15.811 12.042 10.44 9.899 12.806 8.944 6.0 5.0 8.062 12.166 9999999999.0 9999999999.0 9999999999.0 9999999999.0 9999999999.0 9999999999.0 9999999999.0 9999999999.0 9999999999.0 58.138 62.61 67.535 71.589 82.134 77.104 66.483 59.397 54.452 50.249 45.343 41.231 37.202 32.45 28.653 25.08 20.881 18.111 15.133 14.318 15.232 12.166 9.487 9.22 11.705 9999999999.0 9999999999.0 9999999999.0 9999999999.0 9999999999.0 9999999999.0 9999999999.0 9999999999.0 9999999999.0 9999999999.0 
53.824 53.824 73.6 69.203 65.0 60.803 56.4 51.4 46.4 42.012 37.643 32.65 28.32 24.042 19.105 15.0 11.18 7.071 5.831 7.28 11.0 13.892 9.434 4.472 0.0 5.0 9.434 14.422 18.868 23.324 28.302 32.757 37.216 42.19 46.648 51.624 56.08 61.057 65.192 69.34 76.694 73.0 68.015 63.781 59.548 55.227 50.249 45.967 41.012 36.797 32.65 27.803 23.854 20.125 15.811 13.038 10.44 10.63 12.083 16.971 12.806 8.944 5.0 5.0 8.0 9999999999.0 9999999999.0 9999999999.0 9999999999.0 9999999999.0 9999999999.0 9999999999.0 9999999999.0 9999999999.0 53.666 58.138 63.063 67.119 77.833 72.835 62.225 55.172 50.249 46.098 41.231 37.202 33.287 28.653 25.08 21.84 18.111 16.125 14.318 14.866 18.868 15.232 11.045 8.544 9.22 9999999999.0 9999999999.0 9999999999.0 9999999999.0 9999999999.0 9999999999.0 9999999999.0 9999999999.0 9999999999.0 9999999999.0 
48.826 48.826 68.6 64.203 60.0 55.803 51.4 46.4 41.4 37.014 32.65 27.659 23.345 19.105 14.213 10.296 7.071 5.0 7.28 11.045 15.297 18.868 14.422 9.434 5.0 0.0 4.472 9.434 13.892 18.358 23.324 27.785 32.249 37.216 41.677 46.648 51.108 56.08 60.208 64.351 71.701 68.015 63.032 58.796 54.562 50.249 45.277 41.012 36.069 31.89 27.803 23.022 19.235 15.811 12.042 10.44 9.899 12.083 15.133 21.932 17.692 13.601 8.944 6.0 5.0 9999999999.0 9999999999.0 9999999999.0 22.136 26.571 31.016 35.847 40.311 44.777 48.754 53.226 58.138 62.177 72.863 67.882 57.28 50.249 45.343 41.231 36.401 32.45 28.653 24.166 20.881 18.111 15.133 14.318 14.142 16.125 23.601 19.723 14.866 11.045 9.487 9999999999.0 9999999999.0 9999999999.0 9999999999.0 9999999999.0 9999999999.0 37.643 42.059 47.76 9999999999.0 
44.407 44.407 64.203 59.816 55.606 51.4 47.011 42.012 37.014 32.65 28.32 23.345 19.105 15.0 10.296 7.071 5.831 7.28 11.0 15.297 19.647 23.324 18.868 13.892 9.434 4.472 0.0 5.0 9.434 13.892 18.868 23.324 27.785 32.757 37.216 42.19 46.648 51.624 55.758 59.908 67.357 63.702 58.728 54.489 50.249 45.967 41.012 36.797 31.89 27.803 23.854 19.235 15.811 13.038 10.44 10.63 12.083 15.297 19.0 26.249 21.932 17.692 12.806 8.944 5.0 9999999999.0 9.0 13.153 17.72 22.136 26.571 31.385 35.847 40.311 44.283 48.754 53.666 57.706 68.593 63.655 53.075 46.098 41.231 37.202 32.45 28.653 25.08 20.881 18.111 16.125 14.318 14.866 16.125 18.974 27.659 23.601 18.358 13.928 11.045 9999999999.0 9999999999.0 16.031 20.1 24.331 28.636 33.242 37.643 43.324 9999999999.0 
39.408 39.408 59.203 54.818 50.606 46.4 42.012 37.014 32.016 27.659 23.345 18.385 14.213 10.296 6.083 5.0 7.28 11.045 15.297 19.925 24.352 28.302 23.854 18.868 14.422 9.434 5.0 0.0 4.472 8.944 13.892 18.358 22.825 27.785 32.249 37.216 41.677 46.648 50.774 54.918 62.37 58.728 53.759 49.518 45.277 41.012 36.069 31.89 27.019 23.022 19.235 14.866 12.042 10.44 9.899 12.083 15.133 19.0 23.195 31.241 26.907 22.627 17.692 13.601 9999999999.0 5.099 5.831 9.055 13.153 17.464 21.84 26.571 31.016 35.468 39.395 43.863 48.754 52.773 63.64 58.728 48.166 41.231 36.401 32.45 27.785 24.166 20.881 17.117 15.133 14.318 14.142 16.125 18.682 22.204 32.558 28.425 23.022 9999999999.0 9999999999.0 9999999999.0 9.434 12.649 16.031 20.025 24.187 28.636 32.985 38.601 9999999999.0 
35.0 35.0 54.818 50.448 46.228 42.012 37.643 32.65 27.659 23.345 19.105 14.213 10.296 7.071 5.0 7.28 11.0 15.297 19.647 24.352 28.792 32.757 28.302 23.324 18.868 13.892 9.434 4.472 0.0 4.472 9.434 13.892 18.358 23.324 27.785 32.757 37.216 42.19 46.325 50.478 58.052 54.452 49.497 45.255 41.012 36.797 31.89 27.803 23.022 19.235 15.811 12.042 10.44 10.63 12.083 15.297 19.0 23.087 27.459 35.609 9999999999.0 9999999999.0 9999999999.0 9999999999.0 9999999999.0 7.616 5.099 5.831 9.0 13.153 17.464 22.136 26.571 31.016 34.928 39.395 44.283 48.301 59.414 54.562 44.045 37.202 32.45 28.653 24.166 20.881 18.111 15.133 14.318 14.866 16.125 18.974 22.204 26.019 9999999999.0 9999999999.0 9999999999.0 9999999999.0 9999999999.0 12.369 10.05 10.0 12.369 16.031 20.025 24.331 28.636 34.205 9999999999.0 
30.61 30.61 50.448 46.098 41.869 37.643 33.302 28.32 23.345 19.105 15.0 10.296 7.071 5.831 7.28 11.0 15.133 19.647 24.042 28.792 33.242 37.216 32.757 27.785 23.324 18.358 13.892 8.944 4.472 0.0 5.0 9.434 13.892 18.868 23.324 28.302 32.757 37.736 41.881 46.043 53.759 50.21 45.277 41.037 36.797 32.65 27.803 23.854 19.235 15.811 13.038 10.44 10.63 12.53 15.297 19.026 23.087 27.295 31.78 9999999999.0 9999999999.0 9999999999.0 9999999999.0 9999999999.0 9999999999.0 11.402 7.616 5.099 5.385 9.0 13.153 17.72 22.136 26.571 30.463 34.928 39.812 43.829 55.227 50.448 40.0 33.287 28.653 25.08 20.881 18.111 16.125 14.318 14.866 16.643 18.974 22.361 26.019 30.017 9999999999.0 9999999999.0 9999999999.0 9999999999.0 9999999999.0 15.652 12.369 8.944 9.434 12.369 16.031 20.1 24.331 29.833 9999999999.0 
25.612 25.612 45.453 41.11 36.878 32.65 28.32 23.345 18.385 14.213 10.296 6.083 5.0 7.28 11.045 15.297 19.647 24.352 28.792 33.615 38.079 42.19 37.736 32.757 28.302 23.324 18.868 13.892 9.434 5.0 0.0 4.472 8.944 13.892 18.358 23.324 27.785 32.757 36.892 41.049 48.795 45.277 40.361 36.125 31.89 27.803 23.022 19.235 14.866 12.042 10.44 9.899 12.083 15.297 19.0 23.087 27.459 31.78 36.401 9999999999.0 9999999999.0 9999999999.0 9999999999.0 9999999999.0 9999999999.0 16.279 12.207 8.544 5.099 5.831 9.055 13.153 17.464 21.84 25.632 30.083 34.928 38.91 50.329 45.607 35.228 28.653 24.166 20.881 17.117 15.133 14.318 14.142 16.125 18.974 22.204 26.019 30.067 34.234 9999999999.0 9999999999.0 9999999999.0 9999999999.0 9999999999.0 20.248 16.553 11.0 8.944 10.0 12.649 16.031 20.025 25.318 9999999999.0 
21.26 21.26 41.11 36.797 32.558 28.32 24.042 19.105 14.213 10.296 7.071 5.0 7.28 11.0 15.297 19.647 24.042 28.792 33.242 38.079 42.544 46.648 42.19 37.216 32.757 27.785 23.324 18.358 13.892 9.434 4.472 0.0 4.472 9.434 13.892 18.868 23.324 28.302 32.45 36.62 44.553 41.11 36.235 32.016 27.803 23.854 19.235 15.811 12.042 10.44 10.63 12.083 15.297 19.026 23.087 27.295 31.78 36.139 40.804 9999999999.0 9999999999.0 9999999999.0 9999999999.0 9999999999.0 9999999999.0 20.518 16.279 12.207 7.616 5.099 5.831 9.0 13.153 17.464 21.19 25.632 30.463 34.438 46.228 41.617 31.385 25.08 20.881 18.111 15.133 14.318 14.866 16.125 18.974 22.361 26.019 30.017 34.234 38.471 9999999999.0 9999999999.0 9999999999.0 9999999999.0 9999999999.0 24.207 20.248 13.601 10.0 8.944 10.0 12.369 16.031 21.095 9999999999.0 
16.971 16.971 36.797 32.527 28.284 24.042 19.849 15.0 10.296 7.071 5.831 7.28 11.0 15.133 19.647 24.042 28.46 33.242 37.696 42.544 47.011 51.108 46.648 41.677 37.216 32.249 27.785 22.825 18.358 13.892 8.944 4.472 0.0 5.0 9.434 14.422 18.868 23.854 28.018 32.202 40.361 37.014 32.202 28.018 23.854 20.125 15.811 13.038 10.44 10.63 12.53 15.297 19.026 23.022 27.295 31.575 36.139 40.522 45.222 9999999999.0 9999999999.0 9999999999.0 9999999999.0 9999999999.0 9999999999.0 24.839 20.518 16.279 11.402 7.616 5.099 5.385 9.0 13.153 16.763 21.19 26.0 29.967 42.202 37.736 27.731 21.84 18.111 16.125 14.318 14.866 16.643 18.974 22.361 26.077 30.017 34.132 38.471 42.755 9999999999.0 9999999999.0 9999999999.0 9999999999.0 9999999999.0 28.32 24.207 17.0 12.649 10.0 8.944 9.434 12.369 17.0 9999999999.0 
12.042 12.042 31.828 27.586 23.345 19.105 15.0 10.296 6.083 5.0 7.28 11.045 15.297 19.647 24.352 28.792 33.242 38.079 42.544 47.424 51.894 56.08 51.624 46.648 42.19 37.216 32.757 27.785 23.324 18.868 13.892 9.434 5.0 0.0 4.472 9.434 13.892 18.868 23.022 27.203 35.468 32.202 27.459 23.324 19.235 15.811 12.042 10.44 9.899 12.083 15.297 19.0 23.087 27.295 31.78 36.139 40.804 45.222 49.98 9999999999.0 9999999999.0 9999999999.0 9999999999.0 9999999999.0 9999999999.0 29.833 25.495 21.213 16.279 12.207 8.544 5.099 5.831 9.055 12.166 16.492 21.19 25.08 37.443 33.121 23.409 18.111 15.133 14.318 14.142 16.125 18.974 22.204 26.019 30.017 34.234 38.471 42.953 47.297 9999999999.0 9999999999.0 9999999999.0 9999999999.0 9999999999.0 33.242 29.069 21.633 17.0 13.601 11.0 8.944 10.0 13.342 20.1 
8.062 8.062 27.586 23.431 19.209 15.0 11.18 7.071 5.0 7.28 11.0 15.297 19.647 24.042 28.792 33.242 37.696 42.544 47.011 51.894 56.365 60.539 56.08 51.108 46.648 41.677 37.216 32.249 27.785 23.324 18.358 13.892 9.434 4.472 0.0 5.0 9.434 14.422 18.601 22.804 31.401 28.302 23.707 19.698 15.811 13.038 10.44 10.63 12.083 15.297 19.026 23.087 27.295 31.575 36.139 40.522 45.222 49.649 54.424 9999999999.0 9999999999.0 9999999999.0 9999999999.0 9999999999.0 9999999999.0 34.205 29.833 25.495 20.518 16.279 12.207 7.616 5.099 5.831 8.0 12.166 16.763 20.616 33.615 29.547 20.396 16.125 14.318 14.866 16.125 18.974 22.361 26.019 30.017 34.132 38.471 42.755 47.297 51.662 9999999999.0 9999999999.0 9999999999.0 9999999999.0 9999999999.0 37.483 33.242 25.612 20.809 17.0 13.601 10.0 8.944 10.296 16.0 
4.0 4.0 22.672 18.601 14.422 10.296 7.071 5.0 7.071 11.045 15.297 19.925 24.352 28.792 33.615 38.079 42.544 47.424 51.894 56.798 61.27 65.513 61.057 56.08 51.624 46.648 42.19 37.216 32.757 28.302 23.324 18.868 14.422 9.434 5.0 0.0 4.472 9.434 13.601 17.804 26.627 23.707 19.313 15.524 12.042 10.44 9.899 12.083 15.133 19.0 23.087 27.459 31.78 36.139 40.804 45.222 49.98 54.424 59.237 9999999999.0 9999999999.0 9999999999.0 9999999999.0 9999999999.0 9999999999.0 39.205 34.828 30.48 25.495 21.213 17.029 12.207 8.544 6.083 5.0 8.062 12.166 15.811 29.069 25.298 17.0 14.318 14.142 16.125 18.682 22.204 26.019 30.067 34.234 38.471 42.953 47.297 51.923 56.321 9999999999.0 9999999999.0 9999999999.0 9999999999.0 9999999999.0 42.45 38.184 30.48 25.612 21.633 17.889 13.601 11.0 9.434 12.369 
4.472 4.472 18.601 14.765 10.77 7.071 5.831 7.28 11.045 15.297 19.647 24.352 28.792 33.242 38.079 42.544 47.011 51.894 56.365 61.27 65.742 69.971 65.513 60.539 56.08 51.108 46.648 41.677 37.216 32.757 27.785 23.324 18.868 13.892 9.434 4.472 0.0 5.0 9.22 13.454 22.825 20.248 16.279 13.0 10.44 10.63 12.083 15.297 19.0 23.087 27.295 31.78 36.139 40.522 45.222 49.649 54.424 58.873 63.695 9999999999.0 9999999999.0 9999999999.0 9999999999.0 9999999999.0 9999999999.0 43.6 39.205 34.828 29.833 25.495 21.213 16.279 12.207 8.544 5.0 5.0 8.0 11.402 25.632 22.361 15.524 14.866 16.125 18.974 22.204 26.019 30.017 34.234 38.471 42.755 47.297 51.662 56.321 60.729 9999999999.0 9999999999.0 9999999999.0 9999999999.0 9999999999.0 46.755 42.45 34.655 29.732 25.612 21.633 17.0 13.601 10.05 9.434 
8.062 8.062 13.892 10.44 7.0 5.0 7.28 11.045 15.524 19.925 24.352 29.155 33.615 38.079 42.953 47.424 51.894 56.798 61.27 66.189 70.661 74.947 70.491 65.513 61.057 56.08 51.624 46.648 42.19 37.736 32.757 28.302 23.854 18.868 14.422 9.434 5.0 0.0 4.243 8.485 18.385 16.279 13.038 10.77 9.899 12.083 15.133 19.0 23.195 27.459 31.78 36.401 40.804 45.222 49.98 54.424 59.237 63.695 68.542 9999999999.0 9999999999.0 9999999999.0 9999999999.0 9999999999.0 9999999999.0 48.6 44.204 39.825 34.828 30.48 26.173 21.213 17.029 13.038 8.944 6.0 5.0 7.0 21.587 19.0 14.422 16.125 18.682 22.204 26.0 30.067 34.234 38.639 42.953 47.297 51.923 56.321 61.033 65.46 9999999999.0 9999999999.0 9999999999.0 9999999999.0 9999999999.0 51.74 47.424 39.598 34.655 30.48 26.401 21.633 17.889 13.342 8.944 
11.705 11.705 9.849 7.0 5.0 6.083 10.05 14.56 19.313 23.77 28.231 33.106 37.577 42.048 46.957 51.43 55.902 60.828 65.299 70.235 74.706 79.076 74.626 69.642 65.192 60.208 55.758 50.774 46.325 41.881 36.892 32.45 28.018 23.022 18.601 13.601 9.22 4.243 0.0 4.243 14.56 13.0 10.77 9.899 10.77 14.142 18.028 22.204 26.683 31.048 35.44 40.162 44.598 49.041 53.852 58.31 63.159 67.624 72.498 9999999999.0 9999999999.0 9999999999.0 9999999999.0 9999999999.0 9999999999.0 52.802 48.415 44.045 39.051 34.713 30.414 25.456 21.26 17.205 13.038 9.487 6.083 5.0 18.111 16.279 14.213 17.72 21.095 25.0 29.155 33.377 37.656 42.202 46.573 50.961 55.66 60.083 64.846 69.289 9999999999.0 9999999999.0 9999999999.0 9999999999.0 9999999999.0 55.973 51.662 43.841 38.897 34.713 30.61 25.807 21.954 17.088 11.045 
15.652 15.652 6.083 5.0 6.083 9.22 13.601 18.385 23.259 27.731 32.202 37.121 41.593 46.065 51.0 55.471 59.942 64.885 69.354 74.303 78.772 83.217 78.772 73.783 69.34 64.351 59.908 54.918 50.478 46.043 41.049 36.62 32.202 27.203 22.804 17.804 13.454 8.485 4.243 0.0 11.045 10.44 9.899 10.77 13.038 17.029 21.378 25.71 30.364 34.785 39.217 44.011 48.466 52.924 57.775 62.241 67.119 71.589 76.485 9999999999.0 9999999999.0 9999999999.0 9999999999.0 9999999999.0 9999999999.0 57.009 52.631 48.27 43.278 38.949 34.655 29.698 25.495 21.401 17.205 13.416 9.22 6.083 15.033 14.318 15.232 20.1 24.021 28.16 32.558 36.878 41.231 45.88 50.289 54.708 59.464 63.906 68.71 73.164 9999999999.0 9999999999.0 9999999999.0 9999999999.0 9999999999.0 60.208 55.902 48.083 43.139 38.949 34.828 30.0 26.077 21.024 14.142 
23.431 23.431 5.0 8.062 12.207 16.401 20.518 25.456 30.414 34.713 39.051 44.045 48.415 52.802 57.801 62.201 66.611 71.61 76.026 81.025 85.446 90.427 86.052 81.056 76.694 71.701 67.357 62.37 58.052 53.759 48.795 44.553 40.361 35.468 31.401 26.627 22.825 18.385 14.56 11.045 0.0 4.123 8.944 13.038 17.205 21.633 26.627 31.064 36.056 40.497 44.944 49.93 54.378 58.83 63.812 68.264 73.246 77.698 82.68 93.606 89.275 9999999999.0 9999999999.0 9999999999.0 9999999999.0 65.054 60.828 56.639 51.74 47.634 43.6 38.833 34.986 31.305 27.313 24.042 20.224 17.0 4.472 7.28 15.811 22.847 27.731 32.202 37.121 41.593 46.065 51.0 55.471 59.942 64.885 69.354 74.303 78.772 9999999999.0 9999999999.0 9999999999.0 9999999999.0 9999999999.0 68.68 64.537 57.009 52.202 48.26 44.418 39.825 36.249 31.623 25.179 
20.248 20.248 5.657 6.0 9.487 13.416 17.205 22.023 26.907 31.113 35.384 40.361 44.688 49.041 54.037 58.412 62.801 67.801 72.201 77.201 81.609 86.683 82.329 77.337 73.0 68.015 63.702 58.728 54.452 50.21 45.277 41.11 37.014 32.202 28.302 23.707 20.248 16.279 13.0 10.44 4.123 0.0 5.0 9.22 13.454 17.804 22.804 27.203 32.202 36.62 41.049 46.043 50.478 54.918 59.908 64.351 69.34 73.783 78.772 89.939 85.633 81.345 9999999999.0 9999999999.0 9999999999.0 61.555 57.385 53.263 48.415 44.407 40.497 35.847 32.202 28.792 25.0 22.204 19.026 16.492 5.385 4.243 11.705 18.788 23.707 28.178 33.121 37.59 42.059 47.011 51.478 55.946 60.902 65.368 70.328 74.793 9999999999.0 9999999999.0 9999999999.0 9999999999.0 9999999999.0 65.299 61.221 53.824 49.092 45.277 41.593 37.162 33.838 29.614 24.021 
15.652 15.652 8.062 5.0 6.083 9.22 12.53 17.205 22.023 26.173 30.414 35.384 39.699 44.045 49.041 53.413 57.801 62.801 67.201 72.201 76.609 81.688 77.337 72.346 68.015 63.032 58.728 53.759 49.497 45.277 40.361 36.235 32.202 27.459 23.707 19.313 16.279 13.038 10.77 9.899 8.944 5.0 0.0 4.243 8.485 12.806 17.804 22.204 27.203 31.623 36.056 41.049 45.486 49.93 54.918 59.363 64.351 68.797 73.783 84.959 80.66 76.381 9999999999.0 9999999999.0 9999999999.0 56.639 52.498 48.415 43.6 39.661 35.847 31.305 27.857 24.739 21.213 19.026 16.763 15.264 10.0 6.083 7.071 13.928 18.788 23.259 28.178 32.65 37.121 42.059 46.53 51.0 55.946 60.415 65.368 69.836 9999999999.0 9999999999.0 9999999999.0 9999999999.0 9999999999.0 60.44 56.4 49.092 44.418 40.706 37.162 32.894 29.833 26.077 21.587 
11.705 11.705 11.18 7.0 5.0 6.083 8.544 13.038 17.804 21.932 26.173 31.145 35.468 39.825 44.822 49.204 53.6 58.6 63.008 68.007 72.422 77.466 73.11 68.118 63.781 58.796 54.489 49.518 45.255 41.037 36.125 32.016 28.018 23.324 19.698 15.524 13.0 10.77 9.899 10.77 13.038 9.22 4.243 0.0 4.243 8.602 13.601 18.028 23.022 27.459 31.906 36.892 41.34 45.793 50.774 55.227 60.208 64.661 69.642 80.722 76.42 72.139 9999999999.0 9999999999.0 9999999999.0 52.402 48.27 44.204 39.408 35.511 31.765 27.313 24.042 21.213 18.0 16.492 15.264 14.866 14.213 9.849 4.472 10.198 14.866 19.313 24.166 28.636 33.106 38.013 42.485 46.957 51.884 56.356 61.294 65.765 9999999999.0 9999999999.0 9999999999.0 9999999999.0 9999999999.0 56.223 52.202 44.944 40.311 36.674 33.242 29.12 26.306 23.022 19.698 
8.062 8.062 14.866 10.44 7.0 5.0 5.0 8.944 13.601 17.692 21.932 26.907 31.241 35.609 40.608 45.0 49.406 54.406 58.822 63.82 68.242 73.246 68.884 63.891 59.548 54.562 50.249 45.277 41.012 36.797 31.89 27.803 23.854 19.235 15.811 12.042 10.44 9.899 10.77 13.038 17.205 13.454 8.485 4.243 0.0 4.472 9.434 13.892 18.868 23.324 27.785 32.757 37.216 41.677 46.648 51.108 56.08 60.539 65.513 76.485 72.18 67.897 9999999999.0 9999999999.0 9999999999.0 48.166 44.045 40.0 35.228 31.385 27.731 23.409 20.396 18.0 15.297 14.765 14.866 15.652 18.439 13.892 5.099 7.071 11.18 15.524 20.248 24.698 29.155 34.015 38.484 42.953 47.854 52.326 57.245 61.717 9999999999.0 9999999999.0 9999999999.0 9999999999.0 9999999999.0 52.01 48.01 40.817 36.235 32.696 29.411 25.495 23.022 20.396 18.601 
6.708 6.708 19.313 14.866 11.18 8.062 5.0 6.0 9.849 13.601 17.692 22.627 26.907 31.241 36.235 40.608 45.0 50.0 54.406 59.405 63.82 68.884 64.537 59.548 55.227 50.249 45.967 41.012 36.797 32.65 27.803 23.854 20.125 15.811 13.038 10.44 10.63 12.083 14.142 17.029 21.633 17.804 12.806 8.602 4.472 0.0 5.0 9.434 14.422 18.868 23.324 28.302 32.757 37.216 42.19 46.648 51.624 56.08 61.057 72.18 67.897 63.64 58.694 9999999999.0 9999999999.0 44.045 40.0 36.056 31.385 27.731 24.352 20.396 18.0 16.492 14.765 15.556 17.0 18.682 22.627 17.804 7.616 4.243 7.0 11.18 15.811 20.248 24.698 29.547 34.015 38.484 43.382 47.854 52.773 57.245 73.553 9999999999.0 9999999999.0 9999999999.0 9999999999.0 48.01 44.102 37.121 32.696 29.411 26.476 23.022 21.213 19.698 19.849 
7.616 7.616 24.166 19.698 15.811 12.166 8.0 5.0 6.0 8.944 12.806 17.692 21.932 26.249 31.241 35.609 40.0 45.0 49.406 54.406 58.822 63.891 59.548 54.562 50.249 45.277 41.012 36.069 31.89 27.803 23.022 19.235 15.811 12.042 10.44 9.899 12.083 15.133 18.028 21.378 26.627 22.804 17.804 13.601 9.434 5.0 0.0 4.472 9.434 13.892 18.358 23.324 27.785 32.249 37.216 41.677 46.648 51.108 56.08 67.209 62.936 58.694 53.759 9999999999.0 9999999999.0 39.205 35.228 31.385 26.833 23.409 20.396 17.0 15.524 15.264 14.866 17.0 19.647 22.091 27.586 22.672 12.207 6.083 4.243 7.071 11.18 15.524 19.925 24.698 29.155 33.615 38.484 42.953 47.854 52.326 68.622 9999999999.0 9999999999.0 9999999999.0 9999999999.0 43.267 39.446 32.696 28.46 25.495 23.022 20.224 19.313 19.209 21.471 
11.045 11.045 28.636 24.166 20.248 16.492 12.166 8.062 5.657 6.0 8.944 13.601 17.692 21.932 26.907 31.241 35.609 40.608 45.0 50.0 54.406 59.548 55.227 50.249 45.967 41.012 36.797 31.89 27.803 23.854 19.235 15.811 13.038 10.44 10.63 12.083 15.297 19.0 22.204 25.71 31.064 27.203 22.204 18.028 13.892 9.434 4.472 0.0 5.0 9.434 13.892 18.868 23.324 27.785 32.757 37.216 42.19 46.648 51.624 62.936 58.694 54.489 49.578 9999999999.0 9999999999.0 35.228 31.385 27.731 23.409 20.396 18.0 15.524 15.264 16.279 17.0 19.925 23.195 26.0 31.89 26.87 16.279 9.434 5.099 4.243 7.0 11.18 15.524 20.248 24.698 29.155 34.015 38.484 43.382 47.854 64.444 60.308 9999999999.0 9999999999.0 9999999999.0 39.446 35.777 29.411 25.495 23.022 21.213 19.313 19.416 20.616 24.352 
15.133 15.133 33.541 29.069 25.08 21.19 16.763 12.166 8.062 5.0 5.0 8.944 12.806 16.971 21.932 26.249 30.61 35.609 40.0 45.0 49.406 54.562 50.249 45.277 41.012 36.069 31.89 27.019 23.022 19.235 14.866 12.042 10.44 9.899 12.083 15.133 19.0 23.195 26.683 30.364 36.056 32.202 27.203 23.022 18.868 14.422 9.434 5.0 0.0 4.472 8.944 13.892 18.358 22.825 27.785 32.249 37.216 41.677 46.648 57.983 53.759 49.578 44.688 40.608 9999999999.0 30.529 26.833 23.409 19.416 17.0 15.524 14.422 15.62 17.889 19.647 23.195 27.0 30.15 36.878 31.828 21.213 14.213 9.434 6.083 4.243 7.071 11.045 15.524 19.925 24.352 29.155 33.615 38.484 42.953 59.548 55.444 9999999999.0 9999999999.0 9999999999.0 34.886 31.385 25.495 22.023 20.224 19.313 18.601 19.849 22.361 27.459 
