EDGE_WEIGHT_TYPE: EXPLICIT
EDGE_WEIGHT_FORMAT: FULL_MATRIX
DIMENSION: 152
VEHICLES: 1
NODE_COORD_SECTION
1 24 53
2 24 53
3 39 112
4 39 117
5 26 110
6 30 110
7 34 110
8 12 90
9 16 90
10 18 94
11 71 118
12 58 107
13 61 111
14 63 115
15 18 81
16 18 86
17 21 89
18 25 90
19 29 91
20 30 96
21 33 99
22 37 100
23 41 101
24 45 101
25 49 101
26 53 101
27 59 89
28 63 90
29 67 90
30 71 90
31 74 93
32 75 98
33 79 100
34 18 72
35 22 79
36 26 80
37 28 84
38 33 90
39 37 90
40 41 90
41 45 90
42 49 90
43 53 90
44 9 58
45 13 59
46 16 62
47 17 67
48 9 39
49 12 42
50 14 46
51 17 50
52 17 55
53 21 68
54 25 69
55 28 72
56 30 79
57 34 80
58 38 80
59 42 80
60 46 80
61 50 79
62 54 78
63 54 73
64 57 70
65 61 69
66 65 69
67 69 68
68 69 63
69 72 60
70 76 60
71 80 59
72 9 18
73 13 19
74 14 24
75 16 28
76 17 33
77 18 38
78 18 43
79 21 48
80 25 50
81 26 55
82 28 59
83 29 64
84 31 68
85 35 69
86 39 69
87 43 69
88 47 68
89 46 63
90 49 59
91 53 59
92 56 56
93 54 51
94 57 48
95 61 48
96 63 44
97 60 40
98 64 39
99 68 38
100 72 38
101 76 38
102 80 37
103 70 79
104 13 36
105 10 32
106 50 116
107 67 103
108 73 108
109 26 103
110 24 96
111 22 53
112 22 59
113 79 95
114 55 84
115 69 95
116 75 49
117 74 66
118 47 85
119 51 108
120 47 96
121 51 96
122 39 85
123 39 95
124 47 109
125 12 84
126 12 54
127 70 45
128 47 74
129 51 85
130 62 99
131 63 80
132 35 94
133 35 85
134 43 107
135 43 96
136 34 104
137 38 106
138 23 84
139 24 64
140 23 74
141 52 68
142 60 76
143 63 63
144 58 64
145 40 75
146 43 85
147 59 52
148 71 50
149 65 56
150 36 75
151 44 114
152 30 102
EDGE_WEIGHT_SECTION
0.0 0.0 60.877 65.734 57.035 57.315 57.871 9999999999.0 37.855 41.437 9999999999.0 9999999999.0 9999999999.0 9999999999.0 28.636 33.541 36.125 37.014 38.328 43.417 46.872 48.765 50.922 52.393 54.12 56.08 9999999999.0 9999999999.0 9999999999.0 9999999999.0 9999999999.0 9999999999.0 9999999999.0 19.925 26.077 27.074 31.257 38.079 39.217 40.719 42.544 44.654 47.011 15.811 12.53 12.042 15.652 20.518 16.279 12.207 7.616 7.28 15.297 16.031 19.416 26.683 28.792 30.414 32.45 34.828 36.77 39.051 36.056 37.121 40.311 44.011 47.434 46.098 48.508 52.469 56.321 38.079 35.735 30.676 26.249 21.19 16.155 11.662 5.831 3.162 2.828 7.211 12.083 16.553 19.416 21.932 24.839 27.459 24.166 25.71 29.614 32.14 30.067 33.377 37.336 40.025 38.275 42.379 46.487 50.289 54.12 58.241 52.839 20.248 25.239 68.154 9999999999.0 9999999999.0 50.04 43.0 2.0 6.325 69.203 43.841 9999999999.0 51.157 51.662 39.408 61.27 48.765 50.774 35.341 44.598 60.539 9999999999.0 12.042 46.69 31.145 41.869 9999999999.0 47.434 42.45 33.838 57.245 47.011 51.971 54.818 31.016 11.0 21.024 31.765 42.72 40.262 35.735 27.203 37.216 35.014 47.096 41.11 25.06 64.195 49.366 
0.0 0.0 60.877 65.734 57.035 57.315 57.871 9999999999.0 37.855 41.437 9999999999.0 9999999999.0 9999999999.0 9999999999.0 28.636 33.541 36.125 37.014 38.328 43.417 46.872 48.765 50.922 52.393 54.12 56.08 9999999999.0 9999999999.0 9999999999.0 9999999999.0 9999999999.0 9999999999.0 9999999999.0 19.925 26.077 27.074 31.257 38.079 39.217 40.719 42.544 44.654 47.011 15.811 12.53 12.042 15.652 20.518 16.279 12.207 7.616 7.28 15.297 16.031 19.416 26.683 28.792 30.414 32.45 34.828 36.77 39.051 36.056 37.121 40.311 44.011 47.434 46.098 48.508 52.469 56.321 38.079 35.735 30.676 26.249 21.19 16.155 11.662 5.831 3.162 2.828 7.211 12.083 16.553 19.416 21.932 24.839 27.459 24.166 25.71 29.614 32.14 30.067 33.377 37.336 40.025 38.275 42.379 46.487 50.289 54.12 58.241 52.839 20.248 25.239 68.154 9999999999.0 9999999999.0 50.04 43.0 2.0 6.325 69.203 43.841 9999999999.0 51.157 51.662 39.408 61.27 48.765 50.774 35.341 44.598 60.539 9999999999.0 12.042 46.69 31.145 41.869 9999999999.0 47.434 42.45 33.838 57.245 47.011 51.971 54.818 31.016 11.0 21.024 31.765 42.72 40.262 35.735 27.203 37.216 35.014 47.096 41.11 25.06 64.195 49.366 
60.877 60.877 0.0 5.0 13.153 9.22 5.385 9999999999.0 31.828 27.659 32.558 19.647 22.023 24.187 37.443 33.422 29.206 26.077 23.259 18.358 14.318 12.166 11.18 12.53 14.866 17.804 9999999999.0 9999999999.0 9999999999.0 9999999999.0 9999999999.0 9999999999.0 9999999999.0 45.177 37.121 34.54 30.083 22.804 22.091 22.091 22.804 24.166 26.077 9999999999.0 9999999999.0 55.036 50.09 78.924 75.027 70.576 65.788 61.098 47.539 45.222 41.485 34.205 32.388 32.016 32.14 32.757 34.785 37.162 41.785 45.695 48.301 9999999999.0 9999999999.0 9999999999.0 9999999999.0 9999999999.0 9999999999.0 98.671 96.566 91.482 87.092 82.006 76.922 72.125 66.483 63.561 58.464 54.129 49.031 44.721 43.186 43.0 43.186 44.721 49.497 53.935 54.818 58.523 62.817 66.483 67.676 72.111 75.0 77.162 79.48 81.025 82.735 9999999999.0 9999999999.0 80.324 85.094 11.705 9999999999.0 34.234 15.811 21.932 61.4 55.66 9999999999.0 32.249 9999999999.0 9999999999.0 9999999999.0 28.16 12.649 17.889 20.0 27.0 17.0 8.544 38.897 63.977 73.824 38.833 29.547 9999999999.0 9999999999.0 18.439 27.295 6.403 16.492 9.434 6.083 32.249 50.289 41.231 45.88 9999999999.0 54.562 51.624 37.014 27.295 63.246 69.771 61.741 37.121 5.385 13.454 
65.734 65.734 5.0 0.0 14.765 11.402 8.602 38.184 35.468 31.145 32.016 21.471 22.804 24.083 41.677 37.443 33.287 30.414 27.857 22.847 18.974 17.117 16.125 17.088 18.868 21.26 9999999999.0 9999999999.0 9999999999.0 9999999999.0 9999999999.0 40.706 43.463 49.659 41.629 39.217 34.785 27.659 27.074 27.074 27.659 28.792 30.414 9999999999.0 9999999999.0 59.615 54.626 83.57 79.712 75.273 70.52 65.788 52.202 50.0 46.325 39.051 37.336 37.014 37.121 37.656 39.56 41.785 46.487 50.329 9999999999.0 9999999999.0 9999999999.0 9999999999.0 9999999999.0 9999999999.0 9999999999.0 103.446 101.39 96.302 91.924 86.833 81.744 76.922 71.309 68.447 63.348 59.034 53.935 49.649 48.166 48.0 48.166 49.649 54.452 58.856 59.666 63.325 67.683 71.309 72.422 76.844 79.812 81.908 84.155 85.615 9999999999.0 9999999999.0 9999999999.0 85.071 89.811 11.045 31.305 35.171 19.105 25.807 66.219 60.44 9999999999.0 36.674 9999999999.0 9999999999.0 9999999999.0 32.985 15.0 22.472 24.187 32.0 22.0 11.314 42.638 68.542 78.39 43.738 34.176 9999999999.0 9999999999.0 23.345 32.249 10.77 21.378 13.928 11.045 36.674 55.082 45.88 50.695 9999999999.0 59.093 56.303 42.012 32.249 68.007 9999999999.0 66.31 42.107 5.831 17.493 
57.035 57.035 13.153 14.765 0.0 4.0 8.0 9999999999.0 22.361 17.889 45.706 32.14 35.014 37.336 30.083 25.298 21.587 20.025 19.235 14.56 13.038 14.866 17.493 21.024 24.698 28.46 9999999999.0 9999999999.0 9999999999.0 9999999999.0 9999999999.0 9999999999.0 9999999999.0 38.833 31.257 30.0 26.077 21.19 22.825 25.0 27.586 30.48 33.601 9999999999.0 9999999999.0 49.031 43.932 9999999999.0 69.426 65.115 60.671 55.731 42.297 41.012 38.053 31.257 31.048 32.311 34.0 36.056 39.205 42.521 46.4 50.606 53.907 56.586 9999999999.0 63.702 67.941 9999999999.0 9999999999.0 93.557 91.924 86.833 82.608 77.524 72.443 67.476 62.201 60.008 55.0 51.039 46.098 42.297 41.976 43.012 44.385 46.957 51.078 55.946 57.706 61.774 65.307 69.318 71.197 75.664 77.82 80.529 83.355 85.44 87.658 90.802 9999999999.0 75.133 79.624 24.739 9999999999.0 47.043 7.0 14.142 57.14 51.157 9999999999.0 38.949 9999999999.0 78.243 9999999999.0 32.65 25.08 25.239 28.653 28.178 19.849 21.024 29.53 9999999999.0 78.492 41.677 35.355 9999999999.0 9999999999.0 18.358 26.571 17.263 22.023 10.0 12.649 26.173 46.043 36.125 49.396 9999999999.0 59.816 56.036 37.696 30.232 66.731 75.0 66.611 36.401 18.439 8.944 
57.315 57.315 9.22 11.402 4.0 0.0 4.0 26.907 24.413 20.0 41.773 28.16 31.016 33.377 31.385 26.833 22.847 20.616 19.026 14.0 11.402 12.207 14.213 17.493 21.024 24.698 9999999999.0 9999999999.0 9999999999.0 9999999999.0 9999999999.0 9999999999.0 9999999999.0 39.85 32.016 30.265 26.077 20.224 21.19 22.825 25.0 27.586 30.48 9999999999.0 9999999999.0 50.0 44.922 74.041 70.342 65.97 61.392 56.515 42.953 41.304 38.053 31.0 30.265 31.048 32.311 34.0 36.892 40.0 44.102 48.26 51.4 53.907 9999999999.0 61.074 65.299 9999999999.0 9999999999.0 94.366 92.574 87.476 83.187 78.09 72.993 68.066 62.65 60.208 55.145 51.039 46.011 42.012 41.304 41.976 43.012 45.31 49.649 54.424 55.946 59.933 63.695 67.624 69.318 73.79 76.158 78.721 81.413 83.355 85.44 88.482 9999999999.0 75.928 80.523 20.881 9999999999.0 43.046 8.062 15.232 57.559 51.624 9999999999.0 36.069 9999999999.0 75.802 9999999999.0 30.232 21.095 22.023 25.239 26.571 17.493 17.029 31.623 9999999999.0 76.322 39.812 32.65 9999999999.0 9999999999.0 16.763 25.495 13.342 19.105 7.211 8.944 26.926 46.39 36.674 47.413 9999999999.0 57.428 53.852 36.401 28.178 64.846 72.67 64.351 35.511 14.56 8.0 
57.871 57.871 5.385 8.602 8.0 4.0 0.0 9999999999.0 26.907 22.627 37.855 24.187 27.019 29.428 33.121 28.844 24.698 21.932 19.647 14.56 11.045 10.44 11.402 14.213 17.493 21.024 9999999999.0 9999999999.0 9999999999.0 9999999999.0 9999999999.0 9999999999.0 9999999999.0 41.231 33.242 31.048 26.683 20.025 20.224 21.19 22.825 25.0 27.586 9999999999.0 9999999999.0 51.264 46.239 75.273 71.47 67.052 62.362 57.567 43.966 41.976 38.471 31.257 30.0 30.265 31.048 32.311 34.886 37.736 42.059 46.141 49.092 9999999999.0 9999999999.0 9999999999.0 9999999999.0 9999999999.0 9999999999.0 95.336 93.392 88.295 83.952 78.854 73.756 68.884 63.348 60.671 55.579 51.352 46.271 42.107 41.012 41.304 41.976 43.966 48.508 53.16 54.424 58.31 62.298 66.129 67.624 72.09 74.673 77.078 79.624 81.413 83.355 86.284 9999999999.0 76.922 81.609 17.088 9999999999.0 39.051 10.63 17.205 58.249 52.393 9999999999.0 33.422 9999999999.0 73.498 9999999999.0 28.178 17.117 19.105 22.023 25.495 15.811 13.038 34.059 60.166 74.303 38.275 30.232 9999999999.0 9999999999.0 16.031 25.02 9.487 16.643 6.0 5.657 28.231 47.074 37.643 45.695 9999999999.0 55.227 51.884 35.511 26.571 63.159 70.491 62.266 35.057 10.77 8.944 
9999999999.0 9999999999.0 9999999999.0 38.184 9999999999.0 26.907 9999999999.0 0.0 4.0 9999999999.0 65.307 9999999999.0 53.31 56.798 9999999999.0 7.211 9.055 13.0 17.029 18.974 22.847 26.926 31.016 34.785 38.601 42.45 9999999999.0 9999999999.0 9999999999.0 9999999999.0 9999999999.0 9999999999.0 9999999999.0 9999999999.0 14.866 17.205 17.088 21.0 25.0 29.0 33.0 37.0 41.0 9999999999.0 9999999999.0 9999999999.0 9999999999.0 9999999999.0 9999999999.0 9999999999.0 9999999999.0 9999999999.0 9999999999.0 9999999999.0 24.083 21.095 24.166 27.857 31.623 35.44 39.56 43.681 45.31 49.244 53.31 57.009 61.098 63.071 67.082 70.682 74.733 9999999999.0 9999999999.0 9999999999.0 9999999999.0 9999999999.0 9999999999.0 9999999999.0 9999999999.0 9999999999.0 9999999999.0 9999999999.0 9999999999.0 29.069 31.145 34.205 37.443 41.34 43.417 48.27 51.4 55.606 57.315 61.555 64.537 68.68 69.311 72.835 76.42 79.398 82.462 86.215 9999999999.0 9999999999.0 9999999999.0 9999999999.0 9999999999.0 9999999999.0 9999999999.0 13.416 9999999999.0 9999999999.0 9999999999.0 43.417 9999999999.0 75.166 66.483 35.355 42.953 35.511 39.459 27.459 27.459 9999999999.0 6.0 9999999999.0 73.41 38.484 39.319 9999999999.0 9999999999.0 23.345 23.537 9999999999.0 31.575 9999999999.0 9999999999.0 12.53 9999999999.0 19.416 45.651 50.0 57.706 52.839 31.765 31.401 60.44 71.281 62.968 28.302 9999999999.0 9999999999.0 
37.855 37.855 31.828 35.468 22.361 24.413 26.907 4.0 0.0 4.472 61.717 9999999999.0 49.659 53.235 9.22 4.472 5.099 9.0 13.038 15.232 19.235 23.259 27.313 31.016 34.785 38.601 9999999999.0 9999999999.0 9999999999.0 9999999999.0 9999999999.0 9999999999.0 9999999999.0 9999999999.0 12.53 14.142 13.416 17.0 21.0 25.0 29.0 33.0 37.0 9999999999.0 9999999999.0 9999999999.0 9999999999.0 9999999999.0 9999999999.0 9999999999.0 9999999999.0 9999999999.0 22.561 22.847 21.633 17.804 20.591 24.166 27.857 31.623 35.735 39.85 41.629 45.618 49.659 53.31 57.385 59.481 63.53 67.082 71.113 9999999999.0 9999999999.0 9999999999.0 9999999999.0 9999999999.0 9999999999.0 9999999999.0 9999999999.0 41.0 36.401 33.242 29.069 26.627 28.32 31.145 34.205 38.013 40.361 45.277 48.27 52.498 54.452 58.694 61.555 65.765 66.603 70.036 73.539 76.42 79.398 83.096 9999999999.0 9999999999.0 9999999999.0 42.802 9999999999.0 9999999999.0 16.401 10.0 9999999999.0 31.575 9999999999.0 39.459 9999999999.0 71.847 62.769 31.401 39.357 31.575 35.511 23.537 23.537 36.359 7.211 9999999999.0 70.292 34.886 35.355 9999999999.0 9999999999.0 19.416 19.647 31.906 27.659 22.804 27.203 9.22 27.203 17.464 42.19 46.174 54.203 49.396 28.302 27.459 57.385 68.007 59.641 25.0 36.878 18.439 
41.437 41.437 27.659 31.145 17.889 20.0 22.627 9999999999.0 4.472 0.0 58.181 9999999999.0 46.239 49.659 13.0 8.0 5.831 8.062 11.402 12.166 15.811 19.925 24.042 27.893 31.78 35.693 9999999999.0 9999999999.0 9999999999.0 9999999999.0 9999999999.0 9999999999.0 9999999999.0 22.0 15.524 16.125 14.142 15.524 19.416 23.345 27.295 31.257 35.228 9999999999.0 9999999999.0 9999999999.0 9999999999.0 9999999999.0 9999999999.0 9999999999.0 9999999999.0 9999999999.0 26.173 25.962 24.166 19.209 21.26 24.413 27.785 31.305 35.341 39.395 41.677 45.793 49.739 53.235 57.245 59.682 63.812 67.231 71.197 9999999999.0 9999999999.0 9999999999.0 9999999999.0 61.008 56.0 51.0 46.098 44.553 39.812 36.401 31.953 29.069 30.232 32.65 35.355 38.949 41.773 46.755 49.497 53.74 56.08 60.308 62.968 67.268 68.411 71.701 75.073 77.795 80.623 84.22 9999999999.0 9999999999.0 9999999999.0 38.833 9999999999.0 9999999999.0 12.042 6.325 41.195 35.228 9999999999.0 38.328 9999999999.0 72.622 62.61 30.364 35.847 29.069 33.061 22.847 21.024 32.65 11.662 9999999999.0 71.449 35.228 34.205 9999999999.0 9999999999.0 17.0 19.235 28.178 25.08 18.868 23.324 11.18 30.594 20.616 42.802 45.695 54.644 50.0 29.069 26.571 58.694 68.884 60.44 26.173 32.802 14.422 
9999999999.0 9999999999.0 32.558 32.016 45.706 41.773 37.855 65.307 61.717 58.181 0.0 17.029 12.207 8.544 64.637 61.911 57.801 53.852 49.93 46.53 42.485 38.471 34.482 31.064 27.803 9999999999.0 31.385 29.12 28.284 28.0 25.179 20.396 19.698 9999999999.0 9999999999.0 9999999999.0 9999999999.0 47.202 9999999999.0 9999999999.0 9999999999.0 9999999999.0 9999999999.0 9999999999.0 9999999999.0 9999999999.0 9999999999.0 9999999999.0 9999999999.0 9999999999.0 9999999999.0 9999999999.0 9999999999.0 9999999999.0 9999999999.0 9999999999.0 9999999999.0 9999999999.0 9999999999.0 9999999999.0 9999999999.0 9999999999.0 9999999999.0 50.0 50.01 49.366 50.04 55.036 58.009 58.215 59.682 9999999999.0 9999999999.0 9999999999.0 9999999999.0 9999999999.0 9999999999.0 9999999999.0 9999999999.0 9999999999.0 9999999999.0 9999999999.0 9999999999.0 9999999999.0 9999999999.0 9999999999.0 9999999999.0 9999999999.0 9999999999.0 9999999999.0 61.685 63.789 69.123 71.386 70.711 74.431 78.772 79.31 80.056 80.006 80.156 81.498 39.013 9999999999.0 9999999999.0 21.095 15.524 10.198 47.434 51.894 9999999999.0 9999999999.0 24.352 9999999999.0 23.087 69.116 52.086 9999999999.0 22.361 9999999999.0 9999999999.0 9999999999.0 39.408 25.632 68.096 9999999999.0 73.007 9999999999.0 9999999999.0 21.024 38.833 43.267 9999999999.0 30.083 9999999999.0 39.56 35.114 58.822 9999999999.0 9999999999.0 9999999999.0 43.417 55.579 55.543 9999999999.0 9999999999.0 67.082 68.0 62.29 9999999999.0 27.295 44.011 
9999999999.0 9999999999.0 19.647 21.471 32.14 28.16 24.187 9999999999.0 9999999999.0 9999999999.0 17.029 0.0 5.0 9.434 9999999999.0 9999999999.0 9999999999.0 9999999999.0 9999999999.0 9999999999.0 9999999999.0 9999999999.0 9999999999.0 9999999999.0 9999999999.0 9999999999.0 9999999999.0 9999999999.0 9999999999.0 9999999999.0 9999999999.0 9999999999.0 22.136 9999999999.0 9999999999.0 9999999999.0 9999999999.0 9999999999.0 9999999999.0 9999999999.0 9999999999.0 9999999999.0 9999999999.0 9999999999.0 9999999999.0 9999999999.0 9999999999.0 9999999999.0 9999999999.0 9999999999.0 9999999999.0 9999999999.0 9999999999.0 9999999999.0 9999999999.0 9999999999.0 9999999999.0 9999999999.0 9999999999.0 9999999999.0 9999999999.0 9999999999.0 9999999999.0 9999999999.0 9999999999.0 9999999999.0 9999999999.0 9999999999.0 9999999999.0 9999999999.0 9999999999.0 9999999999.0 9999999999.0 9999999999.0 9999999999.0 9999999999.0 9999999999.0 9999999999.0 9999999999.0 9999999999.0 9999999999.0 9999999999.0 9999999999.0 9999999999.0 9999999999.0 9999999999.0 9999999999.0 9999999999.0 9999999999.0 9999999999.0 9999999999.0 9999999999.0 9999999999.0 9999999999.0 9999999999.0 9999999999.0 9999999999.0 9999999999.0 9999999999.0 9999999999.0 9999999999.0 9999999999.0 9999999999.0 9999999999.0 9999999999.0 12.042 9.849 15.033 32.249 9999999999.0 9999999999.0 9999999999.0 9999999999.0 9999999999.0 9999999999.0 9999999999.0 9999999999.0 9999999999.0 7.071 9999999999.0 9999999999.0 9999999999.0 9999999999.0 11.18 9999999999.0 9999999999.0 9999999999.0 9999999999.0 9999999999.0 9999999999.0 9999999999.0 9999999999.0 9999999999.0 15.0 9999999999.0 24.187 20.025 9999999999.0 9999999999.0 9999999999.0 9999999999.0 9999999999.0 9999999999.0 9999999999.0 9999999999.0 9999999999.0 9999999999.0 9999999999.0 9999999999.0 9999999999.0 15.652 28.443 
9999999999.0 9999999999.0 22.023 22.804 35.014 31.016 27.019 53.31 49.659 46.239 12.207 5.0 0.0 4.472 52.431 49.739 45.651 41.677 37.736 34.438 30.463 26.401 22.361 18.868 15.62 9999999999.0 22.091 21.095 21.84 23.259 22.204 19.105 21.095 58.052 50.448 46.755 42.638 35.0 31.89 9999999999.0 9999999999.0 9999999999.0 9999999999.0 9999999999.0 9999999999.0 9999999999.0 9999999999.0 9999999999.0 9999999999.0 9999999999.0 9999999999.0 9999999999.0 9999999999.0 9999999999.0 9999999999.0 9999999999.0 9999999999.0 9999999999.0 9999999999.0 9999999999.0 9999999999.0 9999999999.0 9999999999.0 9999999999.0 42.0 42.19 43.738 48.662 52.173 53.16 55.362 9999999999.0 9999999999.0 9999999999.0 9999999999.0 9999999999.0 9999999999.0 9999999999.0 9999999999.0 9999999999.0 9999999999.0 9999999999.0 9999999999.0 9999999999.0 9999999999.0 9999999999.0 9999999999.0 9999999999.0 9999999999.0 9999999999.0 9999999999.0 9999999999.0 9999999999.0 63.127 63.0 67.03 71.007 72.062 73.335 73.824 74.525 76.4 33.242 9999999999.0 9999999999.0 12.083 10.0 12.369 35.903 39.925 9999999999.0 9999999999.0 24.083 9999999999.0 17.889 63.561 46.84 9999999999.0 10.44 9999999999.0 9999999999.0 9999999999.0 27.203 14.142 55.946 9999999999.0 66.611 9999999999.0 9999999999.0 12.042 31.064 31.064 9999999999.0 18.439 23.431 27.893 23.537 46.615 9999999999.0 9999999999.0 9999999999.0 35.014 48.042 47.096 9999999999.0 9999999999.0 59.034 61.814 55.145 9999999999.0 17.263 32.28 
9999999999.0 9999999999.0 24.187 24.083 37.336 33.377 29.428 56.798 53.235 49.659 8.544 9.434 4.472 0.0 56.4 53.535 49.396 45.486 41.617 38.079 34.0 30.017 26.077 22.804 19.799 9999999999.0 26.306 25.0 25.318 26.249 24.597 20.809 21.932 62.241 54.562 50.931 46.755 39.051 36.069 9999999999.0 9999999999.0 9999999999.0 9999999999.0 9999999999.0 75.073 9999999999.0 66.483 9999999999.0 9999999999.0 9999999999.0 9999999999.0 9999999999.0 63.032 9999999999.0 9999999999.0 48.836 9999999999.0 9999999999.0 9999999999.0 9999999999.0 9999999999.0 9999999999.0 9999999999.0 9999999999.0 46.043 46.043 47.381 52.345 55.731 56.515 58.523 9999999999.0 9999999999.0 9999999999.0 9999999999.0 9999999999.0 9999999999.0 9999999999.0 9999999999.0 9999999999.0 9999999999.0 9999999999.0 9999999999.0 9999999999.0 9999999999.0 9999999999.0 9999999999.0 9999999999.0 9999999999.0 9999999999.0 9999999999.0 59.414 9999999999.0 67.268 67.03 71.0 75.06 76.007 77.162 77.524 78.09 79.831 36.674 9999999999.0 9999999999.0 13.038 12.649 12.207 38.897 43.382 9999999999.0 9999999999.0 25.612 9999999999.0 20.881 67.082 50.22 9999999999.0 13.892 9999999999.0 9999999999.0 9999999999.0 31.241 17.088 59.682 9999999999.0 70.349 9999999999.0 9999999999.0 16.031 35.0 35.0 41.037 21.541 27.586 31.016 26.571 50.606 9999999999.0 57.28 9999999999.0 39.115 52.0 51.245 9999999999.0 9999999999.0 63.127 65.49 59.034 9999999999.0 19.026 35.468 
28.636 28.636 37.443 41.677 30.083 31.385 33.121 9999999999.0 9.22 13.0 64.637 9999999999.0 52.431 56.4 0.0 5.0 8.544 11.402 14.866 19.209 23.431 26.87 30.48 33.601 36.892 40.311 9999999999.0 9999999999.0 9999999999.0 9999999999.0 9999999999.0 9999999999.0 9999999999.0 9.0 4.472 8.062 10.44 17.493 21.024 24.698 28.46 32.28 36.139 9999999999.0 9999999999.0 9999999999.0 9999999999.0 9999999999.0 9999999999.0 9999999999.0 31.016 26.019 13.342 13.892 13.454 12.166 16.031 20.025 24.021 28.018 32.062 36.125 36.878 40.522 44.643 48.508 52.631 54.083 57.94 61.685 65.788 9999999999.0 9999999999.0 9999999999.0 53.038 48.01 43.0 38.0 33.136 31.78 27.203 24.166 20.248 18.385 20.809 24.187 27.731 31.78 33.287 38.013 41.34 45.486 46.861 51.088 54.203 58.258 58.694 62.29 65.947 69.029 72.201 76.026 9999999999.0 9999999999.0 9999999999.0 47.424 9999999999.0 9999999999.0 23.409 16.155 28.284 22.361 9999999999.0 37.121 9999999999.0 65.368 57.974 29.275 42.638 32.65 36.249 21.378 25.239 40.311 9999999999.0 9999999999.0 63.246 29.833 33.242 9999999999.0 9999999999.0 21.401 17.464 36.069 29.155 28.018 32.016 5.831 18.028 8.602 36.401 42.297 48.466 43.463 22.804 25.318 50.22 61.4 53.235 18.974 42.012 24.187 
33.541 33.541 33.422 37.443 25.298 26.833 28.844 7.211 4.472 8.0 61.911 9999999999.0 49.739 53.535 5.0 0.0 4.243 8.062 12.083 15.62 19.849 23.601 27.459 30.887 34.438 38.079 9999999999.0 9999999999.0 9999999999.0 9999999999.0 9999999999.0 9999999999.0 9999999999.0 14.0 8.062 10.0 10.198 15.524 19.416 23.345 27.295 31.257 35.228 9999999999.0 9999999999.0 9999999999.0 9999999999.0 9999999999.0 9999999999.0 9999999999.0 36.014 9999999999.0 18.248 18.385 17.205 13.892 17.088 20.881 24.739 28.636 32.757 36.878 38.275 42.154 46.239 49.98 54.083 55.946 59.933 63.561 67.624 9999999999.0 9999999999.0 9999999999.0 9999999999.0 53.009 48.0 43.0 38.118 36.674 32.016 28.792 24.597 22.204 24.042 27.019 30.232 34.132 36.235 41.11 44.204 48.415 50.21 54.452 57.385 61.555 62.29 65.765 69.311 72.25 75.286 79.025 9999999999.0 9999999999.0 9999999999.0 43.863 9999999999.0 9999999999.0 18.788 11.662 33.242 27.295 9999999999.0 37.054 9999999999.0 67.956 59.464 29.017 39.661 30.676 34.482 21.024 22.847 37.014 6.325 9999999999.0 66.219 31.385 33.015 9999999999.0 9999999999.0 18.788 17.029 32.65 26.926 24.083 28.284 5.385 22.804 13.0 38.471 43.174 50.537 45.651 24.597 25.02 53.263 64.07 55.758 21.095 38.21 20.0 
36.125 36.125 29.206 33.287 21.587 22.847 24.698 9.055 5.099 5.831 57.801 9999999999.0 45.651 49.396 8.544 4.243 0.0 4.123 8.246 11.402 15.62 19.416 23.324 26.833 30.463 34.176 9999999999.0 9999999999.0 9999999999.0 9999999999.0 9999999999.0 9999999999.0 9999999999.0 17.263 10.05 10.296 8.602 12.042 16.031 20.025 24.021 28.018 32.016 9999999999.0 9999999999.0 27.459 22.361 9999999999.0 9999999999.0 43.566 39.205 34.234 21.0 20.396 18.385 13.454 15.811 19.235 22.847 26.571 30.676 34.785 36.674 40.706 44.721 48.332 52.393 54.589 58.669 62.177 66.189 72.007 70.456 65.376 61.205 56.143 51.088 46.098 41.0 39.205 34.366 30.806 26.249 23.259 24.413 26.907 29.732 33.422 36.069 41.037 43.863 48.104 50.329 54.562 57.28 61.555 62.626 65.947 69.354 72.125 75.007 78.645 9999999999.0 53.6 9999999999.0 39.623 9999999999.0 9999999999.0 14.866 7.616 36.014 30.017 9999999999.0 34.366 9999999999.0 67.201 57.775 26.306 35.511 26.926 30.806 18.439 18.974 32.802 10.296 9999999999.0 65.856 30.017 30.265 9999999999.0 9999999999.0 14.866 14.56 28.425 23.087 19.849 24.042 5.385 25.179 15.133 37.443 41.11 49.396 44.654 23.601 22.361 53.038 63.411 55.0 20.518 33.971 15.811 
37.014 37.014 26.077 30.414 20.025 20.616 21.932 13.0 9.0 8.062 53.852 9999999999.0 41.677 45.486 11.402 8.062 4.123 0.0 4.123 7.81 12.042 15.62 19.416 22.825 26.401 30.083 9999999999.0 9999999999.0 9999999999.0 9999999999.0 9999999999.0 9999999999.0 9999999999.0 19.313 11.402 10.05 6.708 8.0 12.0 16.0 20.0 24.0 28.0 9999999999.0 9999999999.0 29.411 24.352 53.451 49.729 45.354 40.792 35.903 22.361 21.0 18.248 12.083 13.454 16.401 19.723 23.259 27.313 31.385 33.615 37.736 41.677 45.177 49.193 51.624 55.758 59.169 63.135 73.756 72.007 66.91 62.65 57.559 52.469 47.518 42.19 40.0 35.014 31.145 26.306 22.804 23.259 25.239 27.659 31.113 34.205 39.205 41.773 46.011 48.6 52.802 55.317 59.666 61.033 64.203 67.476 70.093 72.835 76.381 9999999999.0 55.317 59.908 36.069 9999999999.0 9999999999.0 13.038 6.083 37.121 31.145 9999999999.0 30.594 9999999999.0 64.661 54.562 22.561 31.623 22.804 26.683 14.866 14.866 29.069 14.318 38.275 63.64 27.203 26.476 9999999999.0 9999999999.0 10.77 11.18 24.759 18.974 16.643 20.616 6.325 26.019 16.125 34.828 37.696 46.615 42.012 21.213 18.682 50.99 60.959 52.498 18.601 30.61 13.0 
38.328 38.328 23.259 27.857 19.235 19.026 19.647 17.029 13.038 11.402 49.93 9999999999.0 37.736 41.617 14.866 12.083 8.246 4.123 0.0 5.099 8.944 12.042 15.62 18.868 22.361 26.0 9999999999.0 9999999999.0 9999999999.0 9999999999.0 9999999999.0 9999999999.0 9999999999.0 21.954 13.892 11.402 7.071 4.123 8.062 12.042 16.031 20.025 24.021 9999999999.0 9999999999.0 31.78 26.833 55.714 51.865 47.434 42.72 37.947 24.352 22.361 19.026 12.042 12.083 14.213 17.029 20.248 24.187 28.178 30.806 35.0 38.833 42.19 46.141 48.826 53.009 56.303 60.208 75.69 73.756 68.659 64.327 59.228 54.129 49.244 43.738 41.195 36.125 32.016 27.0 23.087 22.804 24.166 26.077 29.206 32.757 37.736 40.0 44.204 47.17 51.313 53.6 58.009 59.682 62.682 65.803 68.25 70.838 74.277 9999999999.0 57.28 61.984 32.65 9999999999.0 9999999999.0 12.369 7.071 38.639 32.757 9999999999.0 26.926 9999999999.0 62.29 51.478 18.974 27.803 18.682 22.561 11.662 10.77 25.456 18.385 40.719 61.62 24.759 22.804 9999999999.0 9999999999.0 6.708 8.485 21.26 14.866 13.928 17.493 9.22 27.459 18.028 32.527 34.438 44.045 39.623 19.416 15.232 49.204 58.694 50.21 17.464 27.459 11.045 
43.417 43.417 18.358 22.847 14.56 14.0 14.56 18.974 15.232 12.166 46.53 9999999999.0 34.438 38.079 19.209 15.62 11.402 7.81 5.099 0.0 4.243 8.062 12.083 15.811 19.647 23.537 9999999999.0 9999999999.0 9999999999.0 9999999999.0 9999999999.0 9999999999.0 9999999999.0 26.833 18.788 16.492 12.166 6.708 9.22 12.53 16.155 19.925 23.77 9999999999.0 9999999999.0 36.77 31.78 60.745 56.921 52.498 47.802 43.012 29.411 27.459 24.083 17.0 16.492 17.889 20.0 22.627 26.249 30.0 33.242 37.483 41.11 44.204 48.01 51.088 55.317 58.412 62.201 80.777 78.854 73.756 69.426 64.327 59.228 54.342 48.836 46.271 41.195 37.054 32.016 28.018 27.459 28.46 29.967 32.757 36.674 41.593 43.566 47.707 51.0 55.073 57.14 61.587 63.53 66.37 69.34 71.61 74.027 77.337 9999999999.0 62.362 67.052 28.284 9999999999.0 9999999999.0 8.062 6.0 43.738 37.855 9999999999.0 27.731 9999999999.0 65.069 53.254 20.248 24.187 17.0 21.0 14.213 9.055 21.401 21.633 45.695 64.815 27.803 23.707 9999999999.0 9999999999.0 5.385 12.083 17.029 13.0 8.944 12.806 13.892 32.558 23.087 35.609 36.056 46.669 42.521 23.259 17.029 52.697 61.62 53.151 21.84 22.804 6.0 
46.872 46.872 14.318 18.974 13.038 11.402 11.045 22.847 19.235 15.811 42.485 9999999999.0 30.463 34.0 23.431 19.849 15.62 12.042 8.944 4.243 0.0 4.123 8.246 12.166 16.125 20.1 9999999999.0 9999999999.0 9999999999.0 9999999999.0 9999999999.0 9999999999.0 9999999999.0 30.887 22.825 20.248 15.811 9.0 9.849 12.042 15.0 18.358 21.932 9999999999.0 9999999999.0 40.719 35.777 64.622 60.745 56.303 51.546 46.819 33.242 31.048 27.459 20.224 19.026 19.647 21.024 23.022 26.249 29.698 33.422 37.643 41.037 43.863 47.508 50.912 55.154 58.052 61.717 84.481 82.462 77.369 73.007 67.912 62.817 57.974 52.393 49.649 44.553 40.311 35.228 31.064 30.067 30.594 31.623 34.015 38.275 43.081 44.721 48.765 52.393 56.365 58.181 62.65 64.885 67.535 70.328 72.402 74.632 77.801 9999999999.0 66.098 70.838 24.042 9999999999.0 9999999999.0 8.062 9.487 47.297 41.485 9999999999.0 26.627 9999999999.0 65.299 9999999999.0 19.799 20.125 14.318 18.248 15.232 7.211 17.205 25.807 49.659 65.46 28.653 22.804 9999999999.0 9999999999.0 5.385 14.142 12.806 10.44 5.099 8.602 18.028 36.139 26.926 36.359 35.468 46.861 43.012 25.0 17.205 53.712 62.008 53.6 24.187 18.601 4.243 
48.765 48.765 12.166 17.117 14.866 12.207 10.44 26.926 23.259 19.925 38.471 9999999999.0 26.401 30.017 26.87 23.601 19.416 15.62 12.042 8.062 4.123 0.0 4.123 8.062 12.042 16.031 9999999999.0 9999999999.0 9999999999.0 9999999999.0 9999999999.0 9999999999.0 9999999999.0 33.838 25.807 22.825 18.358 10.77 10.0 10.77 12.806 15.62 18.868 9999999999.0 9999999999.0 43.417 38.588 67.119 63.159 58.694 53.852 49.244 35.777 33.242 29.411 22.136 20.224 20.025 20.616 21.932 24.698 27.803 31.906 36.056 39.205 41.773 9999999999.0 48.918 53.151 9999999999.0 9999999999.0 86.649 84.481 79.404 75.0 69.921 64.846 60.083 54.406 51.42 46.325 41.976 36.878 32.558 31.064 31.064 31.575 33.526 38.079 42.72 44.011 47.927 51.865 55.714 57.271 61.741 64.257 66.708 69.318 71.197 73.246 76.276 9999999999.0 68.352 73.164 20.616 9999999999.0 9999999999.0 11.402 13.601 49.336 43.658 9999999999.0 24.083 9999999999.0 63.6 9999999999.0 18.028 16.125 10.77 14.56 15.133 5.385 13.454 29.682 52.355 64.14 27.857 20.518 9999999999.0 9999999999.0 6.325 15.133 9.22 7.211 5.0 6.083 21.26 38.275 29.53 35.341 9999999999.0 45.222 41.677 25.179 16.155 52.802 60.465 52.154 25.02 15.652 7.28 
50.922 50.922 11.18 16.125 17.493 14.213 11.402 31.016 27.313 24.042 34.482 9999999999.0 22.361 26.077 30.48 27.459 23.324 19.416 15.62 12.083 8.246 4.123 0.0 4.0 8.0 12.0 9999999999.0 9999999999.0 9999999999.0 9999999999.0 9999999999.0 9999999999.0 9999999999.0 37.014 29.069 25.807 21.401 13.601 11.705 11.0 11.705 13.601 16.279 9999999999.0 50.478 46.325 41.617 69.771 65.742 61.27 56.365 51.884 38.588 35.777 31.78 24.597 22.136 21.213 21.024 21.587 23.77 26.42 30.871 34.886 37.736 9999999999.0 9999999999.0 9999999999.0 9999999999.0 9999999999.0 9999999999.0 88.955 86.649 81.597 77.162 72.111 67.067 62.394 56.648 53.451 48.384 43.966 38.897 34.482 32.558 32.062 32.062 33.541 38.328 42.755 43.681 47.434 51.662 55.362 56.648 61.098 63.891 66.129 68.542 70.214 72.069 74.947 9999999999.0 70.774 75.644 17.493 9999999999.0 9999999999.0 15.133 17.72 51.624 46.098 9999999999.0 22.023 9999999999.0 62.129 9999999999.0 17.088 12.207 7.81 11.18 16.125 6.325 10.0 33.615 55.227 63.063 27.659 18.868 9999999999.0 9999999999.0 9.22 17.088 6.325 5.385 7.616 5.831 24.759 40.719 32.45 34.785 9999999999.0 43.909 40.719 26.019 16.125 52.202 59.169 51.0 26.476 13.342 11.045 
52.393 52.393 12.53 17.088 21.024 17.493 14.213 34.785 31.016 27.893 31.064 9999999999.0 18.868 22.804 33.601 30.887 26.833 22.825 18.868 15.811 12.166 8.062 4.0 0.0 4.0 8.0 9999999999.0 9999999999.0 9999999999.0 9999999999.0 9999999999.0 9999999999.0 9999999999.0 39.623 31.828 28.32 24.042 16.279 13.601 11.705 11.0 11.705 13.601 9999999999.0 52.802 48.6 44.045 71.694 67.602 63.135 58.181 53.852 40.804 37.736 33.615 26.627 23.707 22.136 21.213 21.024 22.561 24.698 29.411 33.242 35.777 9999999999.0 9999999999.0 9999999999.0 9999999999.0 9999999999.0 9999999999.0 90.471 88.023 83.006 78.549 73.539 68.542 63.977 58.181 54.781 49.769 45.31 40.311 35.847 33.526 32.558 32.062 33.061 38.013 42.19 42.755 46.325 50.804 54.342 55.362 59.775 62.817 64.846 67.067 68.542 70.214 9999999999.0 9999999999.0 72.45 77.369 15.811 9999999999.0 9999999999.0 19.105 21.587 53.226 47.885 9999999999.0 19.723 9999999999.0 9999999999.0 9999999999.0 16.125 9.22 5.385 7.81 17.088 8.485 8.246 37.121 57.428 61.327 27.074 17.088 9999999999.0 9999999999.0 12.207 18.868 6.325 5.385 11.402 8.602 27.803 42.544 34.828 33.734 9999999999.0 42.048 39.217 26.476 16.125 50.961 9999999999.0 49.244 27.514 13.038 15.033 
54.12 54.12 14.866 18.868 24.698 21.024 17.493 38.601 34.785 31.78 27.803 9999999999.0 15.62 19.799 36.892 34.438 30.463 26.401 22.361 19.647 16.125 12.042 8.0 4.0 0.0 4.0 9999999999.0 9999999999.0 9999999999.0 9999999999.0 9999999999.0 9999999999.0 9999999999.0 42.45 34.828 31.145 27.019 19.416 16.279 13.601 11.705 11.0 11.705 9999999999.0 55.317 51.088 46.69 73.783 69.642 65.192 60.208 56.036 43.278 40.0 35.805 29.069 25.807 23.707 22.136 21.213 22.023 23.537 28.443 32.016 9999999999.0 9999999999.0 9999999999.0 9999999999.0 9999999999.0 9999999999.0 9999999999.0 92.136 89.554 84.581 80.112 75.153 70.214 65.765 59.942 56.365 51.43 46.957 42.059 37.59 34.928 33.526 32.558 33.061 38.118 42.0 42.19 45.541 50.249 53.6 54.342 58.694 61.984 63.789 65.803 9999999999.0 9999999999.0 9999999999.0 9999999999.0 74.303 79.259 15.033 9999999999.0 9999999999.0 23.087 25.495 55.073 49.93 9999999999.0 18.028 9999999999.0 9999999999.0 9999999999.0 16.125 7.28 5.385 5.385 18.868 11.662 8.246 40.719 59.816 9999999999.0 27.074 16.125 9999999999.0 9999999999.0 15.652 21.26 8.485 7.81 15.297 12.083 31.064 44.654 37.483 33.136 9999999999.0 9999999999.0 38.079 27.514 17.088 50.01 9999999999.0 9999999999.0 29.069 13.928 19.026 
56.08 56.08 17.804 21.26 28.46 24.698 21.024 42.45 38.601 35.693 9999999999.0 9999999999.0 9999999999.0 9999999999.0 40.311 38.079 34.176 30.083 26.0 23.537 20.1 16.031 12.0 8.0 4.0 0.0 9999999999.0 9999999999.0 9999999999.0 9999999999.0 9999999999.0 9999999999.0 9999999999.0 45.453 38.013 34.205 30.232 22.825 19.416 16.279 13.601 11.705 11.0 9999999999.0 58.0 53.759 49.518 76.026 71.847 67.424 62.426 58.412 45.967 42.521 38.288 31.828 28.32 25.807 23.707 22.136 22.204 23.022 28.018 9999999999.0 9999999999.0 9999999999.0 9999999999.0 9999999999.0 9999999999.0 9999999999.0 9999999999.0 93.941 91.236 86.313 81.841 76.942 72.069 67.742 61.911 58.181 53.339 48.877 44.102 39.661 36.715 34.928 33.526 33.541 38.639 42.19 42.0 45.1 50.01 53.151 9999999999.0 9999999999.0 61.4 9999999999.0 9999999999.0 9999999999.0 9999999999.0 9999999999.0 9999999999.0 76.322 81.302 15.297 9999999999.0 9999999999.0 27.074 29.428 57.14 52.202 9999999999.0 17.117 9999999999.0 9999999999.0 9999999999.0 17.088 7.28 7.81 5.385 21.26 15.232 10.0 44.385 62.37 9999999999.0 27.659 16.125 9999999999.0 9999999999.0 19.313 24.083 11.662 11.18 19.235 15.811 34.482 47.011 40.361 33.015 9999999999.0 9999999999.0 9999999999.0 29.069 18.868 9999999999.0 9999999999.0 9999999999.0 31.064 15.811 23.022 
9999999999.0 9999999999.0 9999999999.0 9999999999.0 9999999999.0 9999999999.0 9999999999.0 9999999999.0 9999999999.0 9999999999.0 31.385 9999999999.0 22.091 26.306 9999999999.0 9999999999.0 9999999999.0 9999999999.0 9999999999.0 9999999999.0 9999999999.0 9999999999.0 9999999999.0 9999999999.0 9999999999.0 9999999999.0 0.0 4.123 8.062 12.042 15.524 18.358 22.825 9999999999.0 9999999999.0 9999999999.0 9999999999.0 9999999999.0 9999999999.0 9999999999.0 9999999999.0 9999999999.0 9999999999.0 9999999999.0 9999999999.0 9999999999.0 9999999999.0 9999999999.0 9999999999.0 9999999999.0 9999999999.0 9999999999.0 9999999999.0 9999999999.0 9999999999.0 9999999999.0 9999999999.0 9999999999.0 9999999999.0 9999999999.0 9999999999.0 9999999999.0 9999999999.0 9999999999.0 20.1 20.881 23.259 27.857 31.78 33.615 36.62 9999999999.0 9999999999.0 9999999999.0 9999999999.0 9999999999.0 9999999999.0 9999999999.0 9999999999.0 9999999999.0 9999999999.0 9999999999.0 9999999999.0 9999999999.0 9999999999.0 9999999999.0 9999999999.0 9999999999.0 9999999999.0 9999999999.0 9999999999.0 9999999999.0 9999999999.0 41.049 41.049 45.177 49.01 50.249 51.788 52.631 53.759 56.08 14.866 9999999999.0 9999999999.0 9999999999.0 16.125 23.601 9999999999.0 9999999999.0 9999999999.0 9999999999.0 20.881 9999999999.0 11.662 43.081 27.459 9999999999.0 9999999999.0 9999999999.0 9999999999.0 9999999999.0 9999999999.0 9999999999.0 9999999999.0 9999999999.0 45.354 9999999999.0 9999999999.0 10.44 9.849 9999999999.0 9999999999.0 9999999999.0 9999999999.0 9999999999.0 9999999999.0 9999999999.0 9999999999.0 9999999999.0 9999999999.0 13.038 26.306 25.02 9999999999.0 9999999999.0 37.0 40.804 33.541 9999999999.0 9999999999.0 9999999999.0 
9999999999.0 9999999999.0 9999999999.0 9999999999.0 9999999999.0 9999999999.0 9999999999.0 9999999999.0 9999999999.0 9999999999.0 29.12 9999999999.0 21.095 25.0 9999999999.0 9999999999.0 9999999999.0 9999999999.0 9999999999.0 9999999999.0 9999999999.0 9999999999.0 9999999999.0 9999999999.0 9999999999.0 9999999999.0 4.123 0.0 4.0 8.0 11.402 14.422 18.868 9999999999.0 9999999999.0 9999999999.0 9999999999.0 9999999999.0 9999999999.0 9999999999.0 9999999999.0 9999999999.0 9999999999.0 9999999999.0 9999999999.0 9999999999.0 9999999999.0 9999999999.0 9999999999.0 9999999999.0 9999999999.0 9999999999.0 9999999999.0 9999999999.0 9999999999.0 9999999999.0 9999999999.0 9999999999.0 9999999999.0 9999999999.0 9999999999.0 9999999999.0 9999999999.0 20.881 21.095 21.095 22.804 27.659 31.321 32.696 35.355 9999999999.0 9999999999.0 9999999999.0 9999999999.0 9999999999.0 9999999999.0 9999999999.0 9999999999.0 9999999999.0 9999999999.0 9999999999.0 9999999999.0 9999999999.0 9999999999.0 9999999999.0 9999999999.0 9999999999.0 9999999999.0 34.015 32.573 34.713 40.025 42.426 42.048 46.0 50.09 51.01 52.24 52.773 53.6 55.66 13.038 9999999999.0 9999999999.0 9999999999.0 13.601 20.591 9999999999.0 9999999999.0 9999999999.0 9999999999.0 16.763 9999999999.0 7.81 42.72 26.401 9999999999.0 9999999999.0 9999999999.0 9999999999.0 9999999999.0 9999999999.0 9999999999.0 9999999999.0 9999999999.0 45.541 9999999999.0 9999999999.0 9.055 10.0 9999999999.0 9999999999.0 9999999999.0 9999999999.0 9999999999.0 9999999999.0 9999999999.0 9999999999.0 9999999999.0 9999999999.0 14.318 27.0 26.476 9999999999.0 9999999999.0 38.21 40.792 34.059 9999999999.0 9999999999.0 9999999999.0 
9999999999.0 9999999999.0 9999999999.0 9999999999.0 9999999999.0 9999999999.0 9999999999.0 9999999999.0 9999999999.0 9999999999.0 28.284 9999999999.0 21.84 25.318 9999999999.0 9999999999.0 9999999999.0 9999999999.0 9999999999.0 9999999999.0 9999999999.0 9999999999.0 9999999999.0 9999999999.0 9999999999.0 9999999999.0 8.062 4.0 0.0 4.0 7.616 11.314 15.62 9999999999.0 9999999999.0 9999999999.0 9999999999.0 9999999999.0 9999999999.0 9999999999.0 9999999999.0 9999999999.0 9999999999.0 9999999999.0 9999999999.0 9999999999.0 9999999999.0 9999999999.0 9999999999.0 9999999999.0 9999999999.0 9999999999.0 9999999999.0 9999999999.0 9999999999.0 9999999999.0 9999999999.0 9999999999.0 9999999999.0 9999999999.0 9999999999.0 9999999999.0 21.401 22.361 21.84 21.095 22.091 27.074 30.414 31.321 33.615 92.455 89.202 84.646 80.281 9999999999.0 9999999999.0 9999999999.0 9999999999.0 9999999999.0 9999999999.0 9999999999.0 9999999999.0 9999999999.0 9999999999.0 9999999999.0 9999999999.0 9999999999.0 34.205 35.847 34.015 35.735 41.11 43.174 42.426 46.174 50.488 51.088 52.01 52.24 52.773 54.571 11.402 9999999999.0 9999999999.0 9999999999.0 13.0 18.974 9999999999.0 9999999999.0 9999999999.0 9999999999.0 13.0 9999999999.0 5.385 41.773 25.0 9999999999.0 9999999999.0 9999999999.0 9999999999.0 9999999999.0 9999999999.0 9999999999.0 9999999999.0 9999999999.0 45.1 9999999999.0 9999999999.0 10.296 10.77 9999999999.0 9999999999.0 9999999999.0 9999999999.0 9999999999.0 9999999999.0 9999999999.0 9999999999.0 9999999999.0 26.627 15.652 27.295 27.514 9999999999.0 9999999999.0 38.833 40.2 34.059 9999999999.0 9999999999.0 9999999999.0 
