EDGE_WEIGHT_TYPE: EXPLICIT
EDGE_WEIGHT_FORMAT: FULL_MATRIX
DIMENSION: 31
VEHICLES: 1
NODE_COORD_SECTION
1 24 53
2 24 53
3 15 66
4 18 70
5 22 73
6 26 76
7 30 78
8 34 80
9 38 81
10 42 80
11 46 80
12 50 80
13 54 79
14 58 78
15 62 78
16 66 77
17 70 77
18 74 78
19 78 78
20 9 59
21 68 94
22 44 96
23 60 94
24 68 85
25 76 88
26 60 86
27 64 86
28 33 92
29 44 88
30 51 90
31 22 98
EDGE_WEIGHT_SECTION
0.0 0.0 15.811 18.028 20.1 23.087 25.71 28.792 31.305 32.45 34.828 37.483 39.699 42.202 45.486 48.374 51.884 55.902 59.506 16.155 9999999999.0 47.424 9999999999.0 54.406 62.682 9999999999.0 9999999999.0 40.025 40.311 45.804 45.044 
0.0 0.0 15.811 18.028 20.1 23.087 25.71 28.792 31.305 32.45 34.828 37.483 39.699 42.202 45.486 48.374 51.884 55.902 59.506 16.155 9999999999.0 47.424 9999999999.0 54.406 62.682 9999999999.0 9999999999.0 40.025 40.311 45.804 45.044 
15.811 15.811 0.0 5.0 9.899 14.866 19.209 23.601 27.459 30.414 34.015 37.696 41.11 44.643 48.508 52.173 56.089 60.208 64.133 9999999999.0 9999999999.0 41.725 9999999999.0 9999999999.0 9999999999.0 9999999999.0 9999999999.0 31.623 36.401 43.267 9999999999.0 
18.028 18.028 5.0 0.0 5.0 10.0 14.422 18.868 22.825 26.0 29.732 33.526 37.108 40.792 44.721 48.508 52.469 56.569 60.531 9999999999.0 9999999999.0 36.77 9999999999.0 9999999999.0 9999999999.0 9999999999.0 9999999999.0 26.627 31.623 38.588 28.284 
20.1 20.1 9.899 5.0 0.0 5.0 9.434 13.892 17.889 21.19 25.0 28.862 32.558 36.346 40.311 44.181 48.166 52.24 56.223 9999999999.0 9999999999.0 31.828 9999999999.0 9999999999.0 9999999999.0 9999999999.0 9999999999.0 21.954 26.627 33.615 25.0 
23.087 23.087 14.866 10.0 5.0 0.0 4.472 8.944 13.0 16.492 20.396 24.331 28.16 32.062 36.056 40.012 44.011 48.042 52.038 9999999999.0 9999999999.0 26.907 9999999999.0 9999999999.0 9999999999.0 9999999999.0 9999999999.0 17.464 21.633 28.653 22.361 
25.71 25.71 19.209 14.422 9.434 4.472 0.0 4.472 8.544 12.166 16.125 20.1 24.021 28.0 32.0 36.014 40.012 44.0 48.0 9999999999.0 9999999999.0 22.804 9999999999.0 9999999999.0 9999999999.0 9999999999.0 9999999999.0 14.318 17.205 24.187 21.541 
28.792 28.792 23.601 18.868 13.892 8.944 4.472 0.0 4.123 8.0 12.0 16.0 20.025 24.083 28.071 32.14 36.125 40.05 44.045 9999999999.0 9999999999.0 18.868 9999999999.0 9999999999.0 9999999999.0 9999999999.0 9999999999.0 12.042 12.806 19.723 21.633 
31.305 31.305 27.459 22.825 17.889 13.0 8.544 4.123 0.0 4.123 8.062 12.042 16.125 20.224 24.187 28.284 32.249 36.125 9999999999.0 9999999999.0 9999999999.0 16.155 9999999999.0 9999999999.0 9999999999.0 9999999999.0 9999999999.0 12.083 9.22 15.811 23.345 
32.45 32.45 30.414 26.0 21.19 16.492 12.166 8.0 4.123 0.0 4.0 8.0 12.042 16.125 20.1 24.187 28.16 32.062 36.056 9999999999.0 9999999999.0 16.125 9999999999.0 9999999999.0 9999999999.0 9999999999.0 9999999999.0 15.0 8.246 13.454 26.907 
34.828 34.828 34.015 29.732 25.0 20.396 16.125 12.0 8.062 4.0 0.0 4.0 8.062 12.166 16.125 20.224 24.187 28.071 32.062 9999999999.0 9999999999.0 16.125 9999999999.0 9999999999.0 9999999999.0 9999999999.0 9999999999.0 17.692 8.246 11.18 30.0 
37.483 37.483 37.696 33.526 28.862 24.331 20.1 16.0 12.042 8.0 4.0 0.0 4.123 8.246 12.166 16.279 20.224 24.083 9999999999.0 9999999999.0 9999999999.0 17.088 9999999999.0 9999999999.0 9999999999.0 9999999999.0 9999999999.0 20.809 10.0 10.05 33.287 
39.699 39.699 41.11 37.108 32.558 28.16 24.021 20.025 16.125 12.042 8.062 4.123 0.0 4.123 8.062 12.166 16.125 20.025 24.021 9999999999.0 9999999999.0 19.723 9999999999.0 9999999999.0 9999999999.0 9999999999.0 9999999999.0 24.698 13.454 11.402 37.216 
42.202 42.202 44.643 40.792 36.346 32.062 28.0 24.083 20.224 16.125 12.166 8.246 4.123 0.0 4.0 8.062 12.042 16.0 20.0 9999999999.0 18.868 9999999999.0 9999999999.0 12.207 20.591 8.246 10.0 28.653 17.205 9999999999.0 41.183 
45.486 45.486 48.508 44.721 40.311 36.056 32.0 28.071 24.187 20.1 16.125 12.166 8.062 4.0 0.0 4.123 8.062 12.0 16.0 9999999999.0 17.088 9999999999.0 16.125 9.22 17.205 8.246 8.246 9999999999.0 9999999999.0 9999999999.0 9999999999.0 
48.374 48.374 52.173 48.508 44.181 40.012 36.014 32.14 28.284 24.187 20.224 16.279 12.166 8.062 4.123 0.0 4.0 8.062 12.042 9999999999.0 17.117 9999999999.0 18.028 8.246 14.866 10.817 9.22 9999999999.0 9999999999.0 9999999999.0 9999999999.0 
51.884 51.884 56.089 52.469 48.166 44.011 40.012 36.125 32.249 28.16 24.187 20.224 16.125 12.042 8.062 4.0 0.0 4.123 8.062 9999999999.0 17.117 9999999999.0 19.723 8.246 12.53 13.454 10.817 9999999999.0 9999999999.0 9999999999.0 9999999999.0 
55.902 55.902 60.208 56.569 52.24 48.042 44.0 40.05 36.125 32.062 28.071 24.083 20.025 16.0 12.0 8.062 4.123 0.0 4.0 9999999999.0 17.088 9999999999.0 21.26 9.22 10.198 16.125 12.806 9999999999.0 9999999999.0 9999999999.0 9999999999.0 
59.506 59.506 64.133 60.531 56.223 52.038 48.0 44.045 9999999999.0 36.056 32.062 9999999999.0 24.021 20.0 16.0 12.042 8.062 4.0 0.0 9999999999.0 18.868 9999999999.0 24.083 12.207 10.198 19.698 16.125 9999999999.0 9999999999.0 9999999999.0 9999999999.0 
16.155 16.155 9999999999.0 9999999999.0 9999999999.0 9999999999.0 9999999999.0 9999999999.0 9999999999.0 9999999999.0 9999999999.0 9999999999.0 9999999999.0 9999999999.0 9999999999.0 9999999999.0 9999999999.0 9999999999.0 9999999999.0 0.0 9999999999.0 9999999999.0 9999999999.0 9999999999.0 9999999999.0 9999999999.0 9999999999.0 9999999999.0 9999999999.0 9999999999.0 9999999999.0 
9999999999.0 9999999999.0 9999999999.0 9999999999.0 9999999999.0 9999999999.0 9999999999.0 9999999999.0 9999999999.0 9999999999.0 9999999999.0 9999999999.0 9999999999.0 18.868 17.088 17.117 17.117 17.088 18.868 9999999999.0 0.0 9999999999.0 8.0 9.0 10.0 11.314 8.944 9999999999.0 9999999999.0 9999999999.0 9999999999.0 
47.424 47.424 41.725 36.77 31.828 26.907 22.804 18.868 16.155 16.125 16.125 17.088 19.723 9999999999.0 9999999999.0 9999999999.0 9999999999.0 9999999999.0 9999999999.0 9999999999.0 9999999999.0 0.0 9999999999.0 9999999999.0 9999999999.0 9999999999.0 9999999999.0 11.705 8.0 9.22 22.091 
9999999999.0 9999999999.0 9999999999.0 9999999999.0 9999999999.0 9999999999.0 9999999999.0 9999999999.0 9999999999.0 9999999999.0 9999999999.0 9999999999.0 9999999999.0 9999999999.0 16.125 18.028 19.723 21.26 24.083 9999999999.0 8.0 9999999999.0 0.0 12.042 17.088 8.0 8.944 9999999999.0 9999999999.0 9999999999.0 9999999999.0 
54.406 54.406 9999999999.0 9999999999.0 9999999999.0 9999999999.0 9999999999.0 9999999999.0 9999999999.0 9999999999.0 9999999999.0 9999999999.0 9999999999.0 12.207 9.22 8.246 8.246 9.22 12.207 9999999999.0 9.0 9999999999.0 12.042 0.0 8.544 8.062 4.123 9999999999.0 9999999999.0 9999999999.0 9999999999.0 
62.682 62.682 9999999999.0 9999999999.0 9999999999.0 9999999999.0 9999999999.0 9999999999.0 9999999999.0 9999999999.0 9999999999.0 9999999999.0 9999999999.0 20.591 17.205 14.866 12.53 10.198 10.198 9999999999.0 10.0 9999999999.0 17.088 8.544 0.0 16.125 12.166 9999999999.0 9999999999.0 9999999999.0 9999999999.0 
9999999999.0 9999999999.0 9999999999.0 9999999999.0 9999999999.0 9999999999.0 9999999999.0 9999999999.0 9999999999.0 9999999999.0 9999999999.0 9999999999.0 9999999999.0 8.246 8.246 10.817 13.454 16.125 19.698 9999999999.0 11.314 9999999999.0 8.0 8.062 16.125 0.0 4.0 9999999999.0 9999999999.0 9999999999.0 9999999999.0 
9999999999.0 9999999999.0 9999999999.0 9999999999.0 9999999999.0 9999999999.0 9999999999.0 9999999999.0 9999999999.0 9999999999.0 9999999999.0 9999999999.0 9999999999.0 10.0 8.246 9.22 10.817 12.806 16.125 9999999999.0 8.944 9999999999.0 8.944 4.123 12.166 4.0 0.0 9999999999.0 9999999999.0 9999999999.0 9999999999.0 
40.025 40.025 31.623 26.627 21.954 17.464 14.318 12.042 12.083 15.0 17.692 20.809 24.698 28.653 9999999999.0 9999999999.0 9999999999.0 9999999999.0 9999999999.0 9999999999.0 9999999999.0 11.705 9999999999.0 9999999999.0 9999999999.0 9999999999.0 9999999999.0 0.0 11.705 18.111 12.53 
40.311 40.311 36.401 31.623 26.627 21.633 17.205 12.806 9.22 8.246 8.246 10.0 13.454 17.205 9999999999.0 9999999999.0 9999999999.0 9999999999.0 9999999999.0 9999999999.0 9999999999.0 8.0 9999999999.0 9999999999.0 9999999999.0 9999999999.0 9999999999.0 11.705 0.0 7.28 24.166 
45.804 45.804 43.267 38.588 33.615 28.653 24.187 19.723 15.811 13.454 11.18 10.05 11.402 9999999999.0 9999999999.0 9999999999.0 9999999999.0 9999999999.0 9999999999.0 9999999999.0 9999999999.0 9.22 9999999999.0 9999999999.0 9999999999.0 9999999999.0 9999999999.0 18.111 7.28 0.0 30.083 
45.044 45.044 9999999999.0 28.284 25.0 22.361 21.541 21.633 23.345 26.907 30.0 33.287 37.216 41.183 9999999999.0 9999999999.0 9999999999.0 9999999999.0 9999999999.0 9999999999.0 9999999999.0 22.091 9999999999.0 9999999999.0 9999999999.0 9999999999.0 9999999999.0 12.53 24.166 30.083 0.0 
PRIZE_SECTION
1 0
2 0
3 1000
4 1000
5 1000
6 1000
7 1000
8 1000
9 1000
10 1000
11 1000
12 1000
13 1000
14 1000
15 1000
16 1000
17 1000
18 1000
19 1000
20 1000
21 1000
22 1000
23 1000
24 1000
25 1000
26 1000
27 1000
28 1000
29 1000
30 1000
31 1000
DEPOT_SECTION
1
2
EOF